0	-5	0.00187573	-0.999998	-12.8105
0	-4.98028	0.000470618	-1	-12.7567
0	-4.96055	-0.000352674	-1	-12.7028
0	-4.94083	-0.000835379	-1	-12.6487
0	-4.9211	-0.00111896	-0.999999	-12.5946
0	-4.90138	-0.00128775	-0.999999	-12.5404
0	-4.88166	-0.0013888	-0.999999	-12.4862
0	-4.86193	-0.00144983	-0.999999	-12.432
0	-4.84221	-0.00148881	-0.999999	-12.3778
0	-4.82249	-0.00151386	-0.999999	-12.3236
0	-4.80276	-0.00153218	-0.999999	-12.2694
0	-4.78304	-0.00154528	-0.999999	-12.2152
0	-4.76331	-0.00155438	-0.999999	-12.161
0	-4.74359	-0.00156392	-0.999999	-12.1067
0	-4.72387	-0.00157178	-0.999999	-12.0525
0	-4.70414	-0.00157838	-0.999999	-11.9983
0	-4.68442	-0.00158541	-0.999999	-11.9441
0	-4.66469	-0.00159334	-0.999999	-11.8899
0	-4.64497	-0.00159956	-0.999999	-11.8357
0	-4.62525	-0.00160615	-0.999999	-11.7815
0	-4.60552	-0.00161356	-0.999999	-11.7273
0	-4.5858	-0.00162143	-0.999999	-11.673
0	-4.56607	-0.00162785	-0.999999	-11.6188
0	-4.54635	-0.00163522	-0.999999	-11.5646
0	-4.52663	-0.00164265	-0.999999	-11.5104
0	-4.5069	-0.00164932	-0.999999	-11.4562
0	-4.48718	-0.00165663	-0.999999	-11.402
0	-4.46746	-0.00166485	-0.999999	-11.3478
0	-4.44773	-0.00167277	-0.999999	-11.2935
0	-4.42801	-0.00168106	-0.999999	-11.2393
0	-4.40828	-0.00168931	-0.999999	-11.1851
0	-4.38856	-0.00169574	-0.999999	-11.1309
0	-4.36884	-0.0017045	-0.999999	-11.0767
0	-4.34911	-0.00171157	-0.999999	-11.0225
0	-4.32939	-0.00171893	-0.999999	-10.9683
0	-4.30966	-0.00172763	-0.999999	-10.9141
0	-4.28994	-0.00173571	-0.999998	-10.8598
0	-4.27022	-0.00174399	-0.999998	-10.8056
0	-4.25049	-0.00175276	-0.999998	-10.7514
0	-4.23077	-0.0017616	-0.999998	-10.6972
0	-4.21105	-0.00177073	-0.999998	-10.643
0	-4.19132	-0.00177939	-0.999998	-10.5888
0	-4.1716	-0.00178711	-0.999998	-10.5346
0	-4.15187	-0.00179623	-0.999998	-10.4804
0	-4.13215	-0.00180414	-0.999998	-10.4261
0	-4.11243	-0.0018138	-0.999998	-10.3719
0	-4.0927	-0.00182233	-0.999998	-10.3177
0	-4.07298	-0.00183069	-0.999998	-10.2635
0	-4.05325	-0.00183938	-0.999998	-10.2093
0	-4.03353	-0.00184937	-0.999998	-10.1551
0	-4.01381	-0.00185887	-0.999998	-10.1009
0	-3.99408	-0.00186868	-0.999998	-10.0467
0	-3.97436	-0.0018779	-0.999998	-9.99244
0	-3.95464	-0.00188797	-0.999998	-9.93823
0	-3.93491	-0.00189769	-0.999998	-9.88401
0	-3.91519	-0.00190791	-0.999998	-9.8298
0	-3.89546	-0.00191731	-0.999998	-9.77559
0	-3.87574	-0.00192779	-0.999998	-9.72138
0	-3.85602	-0.00193672	-0.999998	-9.66717
0	-3.83629	-0.001947	-0.999998	-9.61295
0	-3.81657	-0.00195796	-0.999998	-9.55874
0	-3.79684	-0.00196903	-0.999998	-9.50453
0	-3.77712	-0.00197846	-0.999998	-9.45032
0	-3.7574	-0.00198846	-0.999998	-9.3961
0	-3.73767	-0.00200058	-0.999998	-9.34189
0	-3.71795	-0.00201207	-0.999998	-9.28768
0	-3.69822	-0.00202195	-0.999998	-9.23347
0	-3.6785	-0.00203265	-0.999998	-9.17926
0	-3.65878	-0.00204541	-0.999998	-9.12504
0	-3.63905	-0.00205709	-0.999998	-9.07083
0	-3.61933	-0.00206862	-0.999998	-9.01662
0	-3.59961	-0.00208032	-0.999998	-8.96241
0	-3.57988	-0.00209197	-0.999998	-8.9082
0	-3.56016	-0.00210468	-0.999998	-8.85399
0	-3.54043	-0.00211528	-0.999998	-8.79977
0	-3.52071	-0.002128	-0.999998	-8.74556
0	-3.50099	-0.00213963	-0.999998	-8.69135
0	-3.48126	-0.00215175	-0.999998	-8.63714
0	-3.46154	-0.00216493	-0.999998	-8.58293
0	-3.44181	-0.00217767	-0.999998	-8.52871
0	-3.42209	-0.00219161	-0.999998	-8.4745
0	-3.40237	-0.00220378	-0.999998	-8.42029
0	-3.38264	-0.00221726	-0.999998	-8.36608
0	-3.36292	-0.00223039	-0.999998	-8.31187
0	-3.3432	-0.00224458	-0.999997	-8.25766
0	-3.32347	-0.00225896	-0.999997	-8.20345
0	-3.30375	-0.00227286	-0.999997	-8.14924
0	-3.28402	-0.00228788	-0.999997	-8.09502
0	-3.2643	-0.00230252	-0.999997	-8.04081
0	-3.24458	-0.0023156	-0.999997	-7.9866
0	-3.22485	-0.0023297	-0.999997	-7.93239
0	-3.20513	-0.00234428	-0.999997	-7.87818
0	-3.1854	-0.00235927	-0.999997	-7.82397
0	-3.16568	-0.00237474	-0.999997	-7.76976
0	-3.14596	-0.00239167	-0.999997	-7.71555
0	-3.12623	-0.00240796	-0.999997	-7.66134
0	-3.10651	-0.0024234	-0.999997	-7.60713
0	-3.08679	-0.0024387	-0.999997	-7.55292
0	-3.06706	-0.00245463	-0.999997	-7.49871
0	-3.04734	-0.00247161	-0.999997	-7.44449
0	-3.02761	-0.00248759	-0.999997	-7.39028
0	-3.00789	-0.00250426	-0.999997	-7.33607
0	-2.98817	-0.00252203	-0.999997	-7.28186
0	-2.96844	-0.00253897	-0.999997	-7.22765
0	-2.94872	-0.00255666	-0.999997	-7.17344
0	-2.92899	-0.00257588	-0.999997	-7.11923
0	-2.90927	-0.00259332	-0.999997	-7.06502
0	-2.88955	-0.00261208	-0.999997	-7.01081
0	-2.86982	-0.00263155	-0.999997	-6.9566
0	-2.8501	-0.00265084	-0.999996	-6.90239
0	-2.83037	-0.00267009	-0.999996	-6.84818
0	-2.81065	-0.0026902	-0.999996	-6.79398
0	-2.79093	-0.00271042	-0.999996	-6.73977
0	-2.7712	-0.00272925	-0.999996	-6.68556
0	-2.75148	-0.00274973	-0.999996	-6.63135
0	-2.73176	-0.00277127	-0.999996	-6.57714
0	-2.71203	-0.00279193	-0.999996	-6.52293
0	-2.69231	-0.00281284	-0.999996	-6.46872
0	-2.67258	-0.00283429	-0.999996	-6.41451
0	-2.65286	-0.00285628	-0.999996	-6.3603
0	-2.63314	-0.00287929	-0.999996	-6.30609
0	-2.61341	-0.00290204	-0.999996	-6.25188
0	-2.59369	-0.00292503	-0.999996	-6.19768
0	-2.57396	-0.00294794	-0.999996	-6.14347
0	-2.55424	-0.00297281	-0.999996	-6.08926
0	-2.53452	-0.00299748	-0.999996	-6.03505
0	-2.51479	-0.00302317	-0.999995	-5.98084
0	-2.49507	-0.00304762	-0.999995	-5.92664
0	-2.47535	-0.00307317	-0.999995	-5.87243
0	-2.45562	-0.00309826	-0.999995	-5.81822
0	-2.4359	-0.00312566	-0.999995	-5.76401
0	-2.41617	-0.0031535	-0.999995	-5.7098
0	-2.39645	-0.00318092	-0.999995	-5.6556
0	-2.37673	-0.00320846	-0.999995	-5.60139
0	-2.357	-0.00323626	-0.999995	-5.54718
0	-2.33728	-0.00326475	-0.999995	-5.49298
0	-2.31755	-0.00329495	-0.999995	-5.43877
0	-2.29783	-0.0033242	-0.999994	-5.38456
0	-2.27811	-0.00335586	-0.999994	-5.33036
0	-2.25838	-0.00338711	-0.999994	-5.27615
0	-2.23866	-0.003418	-0.999994	-5.22194
0	-2.21893	-0.00345063	-0.999994	-5.16774
0	-2.19921	-0.00348367	-0.999994	-5.11353
0	-2.17949	-0.00351719	-0.999994	-5.05933
0	-2.15976	-0.00355162	-0.999994	-5.00512
0	-2.14004	-0.00358529	-0.999994	-4.95092
0	-2.12032	-0.00362056	-0.999993	-4.89671
0	-2.10059	-0.0036571	-0.999993	-4.84251
0	-2.08087	-0.00369378	-0.999993	-4.7883
0	-2.06114	-0.00373252	-0.999993	-4.7341
0	-2.04142	-0.00377175	-0.999993	-4.67989
0	-2.0217	-0.00381078	-0.999993	-4.62569
0	-2.00197	-0.00385037	-0.999993	-4.57149
0	-1.98225	-0.00389333	-0.999992	-4.51728
0	-1.96252	-0.00393502	-0.999992	-4.46308
0	-1.9428	-0.00397767	-0.999992	-4.40888
0	-1.92308	-0.00402244	-0.999992	-4.35468
0	-1.90335	-0.00406807	-0.999992	-4.30047
0	-1.88363	-0.00411273	-0.999992	-4.24627
0	-1.86391	-0.00415914	-0.999991	-4.19207
0	-1.84418	-0.00420874	-0.999991	-4.13787
0	-1.82446	-0.00425828	-0.999991	-4.08367
0	-1.80473	-0.00430813	-0.999991	-4.02947
0	-1.78501	-0.00436101	-0.99999	-3.97527
0	-1.76529	-0.00441452	-0.99999	-3.92107
0	-1.74556	-0.00446755	-0.99999	-3.86687
0	-1.72584	-0.0045229	-0.99999	-3.81267
0	-1.70611	-0.00458082	-0.99999	-3.75847
0	-1.68639	-0.00464051	-0.999989	-3.70427
0	-1.66667	-0.00470123	-0.999989	-3.65008
0	-1.64694	-0.0047628	-0.999989	-3.59588
0	-1.62722	-0.00482614	-0.999988	-3.54168
0	-1.6075	-0.00489179	-0.999988	-3.48749
0	-1.58777	-0.00495923	-0.999988	-3.43329
0	-1.56805	-0.00502868	-0.999987	-3.37909
0	-1.54832	-0.00509962	-0.999987	-3.3249
0	-1.5286	-0.0051726	-0.999987	-3.27071
0	-1.50888	-0.00524806	-0.999986	-3.21651
0	-1.48915	-0.00532686	-0.999986	-3.16232
0	-1.46943	-0.00540627	-0.999985	-3.10813
0	-1.4497	-0.00549066	-0.999985	-3.05394
0	-1.42998	-0.00557542	-0.999984	-2.99975
0	-1.41026	-0.00566391	-0.999984	-2.94556
0	-1.39053	-0.00575473	-0.999983	-2.89137
0	-1.37081	-0.00585007	-0.999983	-2.83718
0	-1.35108	-0.00594576	-0.999982	-2.78299
0	-1.33136	-0.00604981	-0.999982	-2.72881
0	-1.31164	-0.00615122	-0.999981	-2.67462
0	-1.29191	-0.00626368	-0.99998	-2.62044
0	-1.27219	-0.0063723	-0.99998	-2.56626
0	-1.25247	-0.00649444	-0.999979	-2.51208
0	-1.23274	-0.00660903	-0.999978	-2.45789
0	-1.21302	-0.00674782	-0.999977	-2.40372
0	-1.19329	-0.00685241	-0.999977	-2.34953
0	-1.17357	-0.00706911	-0.999975	-2.29538
0	-1.15385	-0.00706912	-0.999975	-2.24117
0	-1.13412	-0.00781969	-0.999969	-2.18716
0	-1.1144	-0.00781969	-0.999969	-2.13295
0	-1.09467	-0.00781969	-0.999969	-2.07874
0	-1.07495	-0.00781969	-0.999969	-2.02452
0	-1.05523	-0.00781969	-0.999969	-1.97031
0	-1.0355	-0.0100287	-0.99995	-1.91671
0	-1.01578	-0.0100287	-0.99995	-1.8625
0	-0.996055	-0.0100287	-0.99995	-1.80828
0	-0.976331	-0.0100287	-0.99995	-1.75407
0	-0.956607	-0.0100287	-0.99995	-1.69986
0	-0.936884	-0.0100287	-0.99995	-1.64565
0	-0.91716	-0.0100287	-0.99995	-1.59143
0	-0.897436	-0.0100287	-0.99995	-1.53722
0	-0.877712	-0.0100287	-0.99995	-1.48301
0	-0.857988	-0.0100287	-0.99995	-1.4288
0	-0.838264	-0.0102748	-0.999947	-1.37465
0	-0.81854	-0.0105962	-0.999944	-1.32053
0	-0.798817	-0.0108369	-0.999941	-1.26638
0	-0.779093	-0.0112223	-0.999937	-1.21228
0	-0.759369	-0.0114809	-0.999934	-1.15814
0	-0.739645	-0.0118995	-0.999929	-1.10404
0	-0.719921	-0.0122238	-0.999925	-1.04992
0	-0.700197	-0.0126467	-0.99992	-0.995831
0	-0.680473	-0.013057	-0.999915	-0.941734
0	-0.66075	-0.0135071	-0.999909	-0.887649
0	-0.641026	-0.013985	-0.999902	-0.833572
0	-0.621302	-0.0144981	-0.999895	-0.779505
0	-0.601578	-0.0150446	-0.999887	-0.725447
0	-0.581854	-0.0156357	-0.999878	-0.671403
0	-0.56213	-0.0162683	-0.999868	-0.61737
0	-0.542406	-0.0169458	-0.999856	-0.563351
0	-0.522682	-0.0176804	-0.999844	-0.509347
0	-0.502959	-0.0184753	-0.999829	-0.455361
0	-0.483235	-0.019341	-0.999813	-0.401396
0	-0.463511	-0.020284	-0.999794	-0.347452
0	-0.443787	-0.0213097	-0.999773	-0.293533
0	-0.424063	-0.0224287	-0.999748	-0.23964
0	-0.404339	-0.0236626	-0.99972	-0.185781
0	-0.384615	-0.0250209	-0.999687	-0.131957
0	-0.364892	-0.0265176	-0.999648	-0.0781729
0	-0.345168	-0.0281767	-0.999603	-0.0244358
0	-0.325444	-0.0300267	-0.999549	0.0292462
0	-0.30572	-0.0320878	-0.999485	0.0828672
0	-0.285996	-0.0343992	-0.999408	0.136416
0	-0.266272	-0.0370008	-0.999315	0.18988
0	-0.246548	-0.0399445	-0.999202	0.243245
0	-0.226824	-0.0432865	-0.999063	0.296494
0	-0.207101	-0.0505233	-0.998723	0.348666
0	-0.187377	-0.0618541	-0.998085	0.399723
0	-0.167653	-0.0781212	-0.996944	0.449466
0	-0.147929	-0.113609	-0.993526	0.494301
0	-0.128205	-0.186938	-0.982372	0.530644
0	-0.108481	-0.326615	-0.945157	0.557083
0	-0.0887574	-0.44327	-0.896388	0.593336
0	-0.0690335	-0.530868	-0.847454	0.635271
0	-0.0493097	-0.579641	-0.814872	0.678815
0	-0.0295858	-0.642459	-0.76632	0.720859
0	-0.00986193	-0.686073	-0.727533	0.761375
0	0.00986193	-0.730633	-0.68277	0.799673
0	0.0295858	-0.780345	-0.62535	0.835291
0	0.0493097	-0.833054	-0.553192	0.867615
0	0.0690335	-0.885582	-0.464483	0.895747
0	0.0887574	-0.93937	-0.342904	0.918275
0	0.108481	-0.995108	-0.098794	0.931861
0	0.128205	0.19146	0.9815	0.529655
0	0.147929	0.191891	0.981416	0.476354
0	0.167653	0.191892	0.981416	0.423146
0	0.187377	0.191893	0.981416	0.369938
0	0.207101	0.191894	0.981416	0.31673
0	0.226824	0.191894	0.981416	0.263522
0	0.246548	0.191894	0.981416	0.210315
0	0.266272	0.191894	0.981416	0.157107
0	0.285996	0.191895	0.981415	0.103899
0	0.30572	0.191896	0.981415	0.050691
0	0.325444	0.191896	0.981415	-0.00251668
0	0.345168	0.191897	0.981415	-0.0557245
0	0.364892	0.191898	0.981415	-0.108932
0	0.384615	0.191899	0.981415	-0.16214
0	0.404339	0.1919	0.981414	-0.215348
0	0.424063	0.191901	0.981414	-0.268555
0	0.443787	0.191901	0.981414	-0.321763
0	0.463511	0.191901	0.981414	-0.374971
0	0.483235	0.191903	0.981414	-0.428179
0	0.502959	0.191903	0.981414	-0.481386
0	0.522682	0.191903	0.981414	-0.534593
0	0.542406	0.187591	0.982247	-0.587808
0	0.56213	0.183013	0.983111	-0.64108
0	0.581854	0.172993	0.984923	-0.694387
0	0.601578	0.17239	0.985029	-0.747785
0	0.621302	0.167024	0.985953	-0.801212
0	0.641026	0.161388	0.986891	-0.85468
0	0.66075	0.158482	0.987362	-0.908193
0	0.680473	0.152191	0.988351	-0.961736
0	0.700197	0.148965	0.988842	-1.01532
0	0.719921	0.145534	0.989353	-1.06894
0	0.739645	0.141884	0.989883	-1.12258
0	0.759369	0.138005	0.990431	-1.17625
0	0.779093	0.135961	0.990714	-1.22995
0	0.798817	0.131521	0.991313	-1.28367
0	0.81854	0.129183	0.991621	-1.33741
0	0.838264	0.126656	0.991947	-1.39118
0	0.857988	0.12392	0.992292	-1.44496
0	0.877712	0.120952	0.992658	-1.49876
0	0.897436	0.119345	0.992853	-1.55259
0	0.91716	0.115788	0.993274	-1.60642
0	0.936884	0.113851	0.993498	-1.66027
0	0.956607	0.111698	0.993742	-1.71414
0	0.976331	0.109301	0.994009	-1.76801
0	0.996055	0.107963	0.994155	-1.82191
0	1.01578	0.104961	0.994476	-1.87581
0	1.0355	0.104133	0.994563	-1.92972
0	1.05523	0.100502	0.994937	-1.98365
0	1.07495	0.100502	0.994937	-2.03757
0	1.09467	0.0985633	0.995131	-2.09153
0	1.1144	0.0966884	0.995315	-2.14549
0	1.13412	0.0949419	0.995483	-2.19945
0	1.15385	0.0933521	0.995633	-2.25342
0	1.17357	0.091921	0.995766	-2.3074
0	1.19329	0.0906347	0.995884	-2.36139
0	1.21302	0.0883135	0.996093	-2.41538
0	1.23274	0.0883135	0.996093	-2.46923
0	1.25247	0.0863891	0.996261	-2.52339
0	1.27219	0.0846352	0.996412	-2.57741
0	1.29191	0.0838295	0.99648	-2.63143
0	1.31164	0.0823313	0.996605	-2.68545
0	1.33136	0.0816375	0.996662	-2.73948
0	1.35108	0.0803317	0.996768	-2.79352
0	1.37081	0.0791097	0.996866	-2.84756
0	1.39053	0.0779593	0.996957	-2.90161
0	1.41026	0.0768723	0.997041	-2.95566
0	1.42998	0.0758443	0.99712	-3.00971
0	1.4497	0.0748664	0.997194	-3.06377
0	1.46943	0.0739343	0.997263	-3.11784
0	1.48915	0.0730454	0.997329	-3.17191
0	1.50888	0.0721934	0.997391	-3.22598
0	1.5286	0.0713776	0.997449	-3.28005
0	1.54832	0.0698115	0.99756	-3.33413
0	1.56805	0.0696242	0.997573	-3.38821
0	1.58777	0.0681742	0.997673	-3.4423
0	1.6075	0.0678267	0.997697	-3.49639
0	1.62722	0.0664801	0.997788	-3.55048
0	1.64694	0.0663197	0.997798	-3.60457
0	1.66667	0.0650575	0.997882	-3.65867
0	1.68639	0.0647542	0.997901	-3.71277
0	1.70611	0.0635692	0.997977	-3.76687
0	1.72584	0.0632845	0.997996	-3.82098
0	1.74556	0.0621686	0.998066	-3.87508
0	1.76529	0.0618998	0.998082	-3.9292
0	1.78501	0.0608436	0.998147	-3.98331
0	1.80473	0.0605869	0.998163	-4.03742
0	1.82446	0.0595854	0.998223	-4.09154
0	1.84418	0.0593412	0.998238	-4.14566
0	1.86391	0.0583869	0.998294	-4.19978
0	1.88363	0.0579232	0.998321	-4.2539
0	1.90335	0.0574687	0.998347	-4.30803
0	1.92308	0.0565786	0.998398	-4.36215
0	1.9428	0.0563635	0.99841	-4.41628
0	1.96252	0.0555128	0.998458	-4.47041
0	1.98225	0.0550966	0.998481	-4.52454
0	2.00197	0.0546886	0.998503	-4.57867
0	2.0217	0.0538886	0.998547	-4.63281
0	2.04142	0.0538886	0.998547	-4.68683
0	2.06114	0.0531176	0.998588	-4.74108
0	2.08087	0.0523637	0.998628	-4.79522
0	2.10059	0.0521804	0.998638	-4.84936
0	2.12032	0.0514545	0.998675	-4.9035
0	2.14004	0.0511007	0.998694	-4.95765
0	2.15976	0.0507512	0.998711	-5.01179
0	2.17949	0.050064	0.998746	-5.06594
0	2.19921	0.0497272	0.998763	-5.12009
0	2.21893	0.0493961	0.998779	-5.17423
0	2.23866	0.0487426	0.998811	-5.22838
0	2.25838	0.0485836	0.998819	-5.28253
0	2.27811	0.0479508	0.99885	-5.33669
0	2.29783	0.0476417	0.998864	-5.39084
0	2.31755	0.047336	0.998879	-5.44499
0	2.33728	0.0467335	0.998907	-5.49915
0	2.357	0.0464364	0.998921	-5.5533
0	2.37673	0.0461444	0.998935	-5.60746
0	2.39645	0.0455678	0.998961	-5.66162
0	2.41617	0.0454252	0.998968	-5.71578
0	2.4359	0.0448647	0.998993	-5.76994
0	2.45562	0.0445876	0.999005	-5.8241
0	2.47535	0.0443144	0.999018	-5.87826
0	2.49507	0.0437776	0.999041	-5.93242
0	2.51479	0.0436454	0.999047	-5.98659
0	2.53452	0.0431205	0.99907	-6.04075
0	2.55424	0.0429936	0.999075	-6.09491
0	2.57396	0.0424823	0.999097	-6.14908
0	2.59369	0.0422304	0.999108	-6.20325
0	2.61341	0.0419829	0.999118	-6.25741
0	2.63314	0.0414927	0.999139	-6.31158
0	2.65286	0.0413728	0.999144	-6.36575
0	2.67258	0.0408922	0.999164	-6.41992
0	2.69231	0.0407742	0.999168	-6.47409
0	2.71203	0.0403066	0.999187	-6.52826
0	2.73176	0.0401918	0.999192	-6.58243
0	2.75148	0.0397344	0.99921	-6.6366
0	2.7712	0.0396217	0.999215	-6.69077
0	2.79093	0.039174	0.999232	-6.74495
0	2.81065	0.0390633	0.999237	-6.79912
0	2.83037	0.0386272	0.999254	-6.85329
0	2.8501	0.0385213	0.999258	-6.90747
0	2.86982	0.0380949	0.999274	-6.96164
0	2.88955	0.0380949	0.999274	-7.01579
0	2.90927	0.0376767	0.99929	-7.07
0	2.92899	0.0374699	0.999298	-7.12417
0	2.94872	0.0372637	0.999305	-7.17835
0	2.96844	0.036857	0.999321	-7.23253
0	2.98817	0.0367582	0.999324	-7.28671
0	3.00789	0.0363612	0.999339	-7.34088
0	3.02761	0.0363612	0.999339	-7.39504
0	3.04734	0.0359709	0.999353	-7.44924
0	3.06706	0.0357775	0.99936	-7.50342
0	3.08679	0.0355867	0.999367	-7.5576
0	3.10651	0.0353966	0.999373	-7.61179
0	3.12623	0.0350227	0.999387	-7.66597
0	3.14596	0.034931	0.99939	-7.72015
0	3.16568	0.0345628	0.999403	-7.77433
0	3.1854	0.0345628	0.999403	-7.82849
0	3.20513	0.0342013	0.999415	-7.8827
0	3.22485	0.0340226	0.999421	-7.93688
0	3.24458	0.0338452	0.999427	-7.99107
0	3.2643	0.0336696	0.999433	-8.04525
0	3.28402	0.0336696	0.999433	-8.09933
0	3.30375	0.0329773	0.999456	-8.15362
0	3.32347	0.0329773	0.999456	-8.2078
0	3.3432	0.0328942	0.999459	-8.26199
0	3.36292	0.0325579	0.99947	-8.31618
0	3.38264	0.0325579	0.99947	-8.37034
0	3.40237	0.0322268	0.999481	-8.42455
0	3.42209	0.0322268	0.999481	-8.47869
0	3.44181	0.0318999	0.999491	-8.53292
0	3.46154	0.0317396	0.999496	-8.58711
0	3.48126	0.0315798	0.999501	-8.6413
0	3.50099	0.031422	0.999506	-8.69549
0	3.52071	0.0311066	0.999516	-8.74968
0	3.54043	0.0311066	0.999516	-8.80384
0	3.56016	0.0307948	0.999526	-8.85806
0	3.57988	0.0307175	0.999528	-8.91224
0	3.59961	0.0305643	0.999533	-8.96643
0	3.61933	0.0302619	0.999542	-9.02062
0	3.63905	0.0302258	0.999543	-9.07482
0	3.65878	0.0302258	0.999543	-9.12891
0	3.6785	0.0296332	0.999561	-9.1832
0	3.69822	0.0296332	0.999561	-9.23739
0	3.71795	0.0296332	0.999561	-9.29156
0	3.73767	0.0293431	0.999569	-9.34577
0	3.7574	0.0292727	0.999571	-9.39996
0	3.77712	0.0291298	0.999576	-9.45415
0	3.79684	0.0291298	0.999576	-9.50826
0	3.81657	0.0285641	0.999592	-9.56254
0	3.83629	0.0285641	0.999592	-9.61673
0	3.85602	0.0285313	0.999593	-9.67093
0	3.87574	0.0283936	0.999597	-9.72512
0	3.89546	0.0281205	0.999605	-9.77931
0	3.91519	0.0281205	0.999605	-9.8335
0	3.93491	0.0278495	0.999612	-9.8877
0	3.95464	0.0278495	0.999612	-9.94188
0	3.97436	0.0275814	0.99962	-9.99609
0	3.99408	0.0275814	0.99962	-10.0503
0	4.01381	0.0273185	0.999627	-10.1045
0	4.03353	0.0273185	0.999627	-10.1587
0	4.05325	0.0270595	0.999634	-10.2129
0	4.07298	0.0270595	0.999634	-10.267
0	4.0927	0.0268012	0.999641	-10.3213
0	4.11243	0.0267397	0.999642	-10.3755
0	4.13215	0.0266125	0.999646	-10.4297
0	4.15187	0.0264873	0.999649	-10.4838
0	4.1716	0.0263621	0.999652	-10.538
0	4.19132	0.0262376	0.999656	-10.5922
0	4.21105	0.0261149	0.999659	-10.6464
0	4.23077	0.0259937	0.999662	-10.7006
0	4.25049	0.0258718	0.999665	-10.7548
0	4.27022	0.0257498	0.999668	-10.809
0	4.28994	0.0256307	0.999671	-10.8632
0	4.30966	0.0255109	0.999675	-10.9174
0	4.32939	0.0253914	0.999678	-10.9716
0	4.34911	0.0252736	0.999681	-11.0258
0	4.36884	0.0251567	0.999684	-11.08
0	4.38856	0.0250403	0.999686	-11.1342
0	4.40828	0.0249244	0.999689	-11.1884
0	4.42801	0.0248107	0.999692	-11.2426
0	4.44773	0.0248107	0.999692	-11.2968
0	4.46746	0.0245806	0.999698	-11.351
0	4.48718	0.0245235	0.999699	-11.4052
0	4.5069	0.0244115	0.999702	-11.4594
0	4.52663	0.0243004	0.999705	-11.5136
0	4.54635	0.0241888	0.999707	-11.5678
0	4.56607	0.0240787	0.99971	-11.622
0	4.5858	0.0239698	0.999713	-11.6762
0	4.60552	0.0238591	0.999715	-11.7304
0	4.62525	0.0238591	0.999715	-11.7846
0	4.64497	0.0236409	0.999721	-11.8388
0	4.66469	0.0235882	0.999722	-11.893
0	4.68442	0.0234817	0.999724	-11.9472
0	4.70414	0.0233747	0.999727	-12.0014
0	4.72387	0.0232693	0.999729	-12.0556
0	4.74359	0.0231634	0.999732	-12.1098
0	4.76331	0.0231121	0.999733	-12.164
0	4.78304	0.0230064	0.999735	-12.2182
0	4.80276	0.0229022	0.999738	-12.2724
0	4.82249	0.0228003	0.99974	-12.3266
0	4.84221	0.0226974	0.999742	-12.3808
0	4.86193	0.0226974	0.999742	-12.435
0	4.88166	0.0224915	0.999747	-12.4892
0	4.90138	0.0224915	0.999747	-12.5434
0	4.9211	0.02229	0.999752	-12.5976
0	4.94083	0.02229	0.999752	-12.6518
0	4.96055	0.0221913	0.999754	-12.706
0	4.98028	0.0220924	0.999756	-12.7602
0	5	0.0219943	0.999758	-12.8144
0	5	0.0219943	0.999758	-12.8144
0	4.98028	0.0219943	0.999758	-12.7602
0	4.96055	0.0219943	0.999758	-12.706
0	4.94083	0.0219943	0.999758	-12.6518
0	4.9211	0.0219943	0.999758	-12.5976
0	4.90138	0.0219953	0.999758	-12.5434
0	4.88166	0.0219953	0.999758	-12.4892
0	4.86193	0.0219953	0.999758	-12.435
0	4.84221	0.0219953	0.999758	-12.3808
0	4.82249	0.0219953	0.999758	-12.3266
0	4.80276	0.0219953	0.999758	-12.2724
0	4.78304	0.021996	0.999758	-12.2182
0	4.76331	0.021996	0.999758	-12.164
0	4.74359	0.021996	0.999758	-12.1098
0	4.72387	0.021996	0.999758	-12.0556
0	4.70414	0.0219973	0.999758	-12.0014
0	4.68442	0.0219983	0.999758	-11.9472
0	4.66469	0.0219993	0.999758	-11.893
0	4.64497	0.0219994	0.999758	-11.8388
0	4.62525	0.0219994	0.999758	-11.7846
0	4.60552	0.0219994	0.999758	-11.7304
0	4.5858	0.0220001	0.999758	-11.6762
0	4.56607	0.0220014	0.999758	-11.622
0	4.54635	0.0220023	0.999758	-11.5678
0	4.52663	0.0220035	0.999758	-11.5136
0	4.5069	0.0220041	0.999758	-11.4594
0	4.48718	0.0220047	0.999758	-11.4052
0	4.46746	0.022005	0.999758	-11.351
0	4.44773	0.0220056	0.999758	-11.2968
0	4.42801	0.0220056	0.999758	-11.2426
0	4.40828	0.0220074	0.999758	-11.1884
0	4.38856	0.0220086	0.999758	-11.1342
0	4.36884	0.0220095	0.999758	-11.08
0	4.34911	0.0220096	0.999758	-11.0258
0	4.32939	0.0220103	0.999758	-10.9716
0	4.30966	0.0220107	0.999758	-10.9173
0	4.28994	0.0220117	0.999758	-10.8631
0	4.27022	0.0220131	0.999758	-10.8089
0	4.25049	0.0220135	0.999758	-10.7547
0	4.23077	0.0220138	0.999758	-10.7005
0	4.21105	0.0220152	0.999758	-10.6463
0	4.19132	0.0220168	0.999758	-10.5921
0	4.1716	0.0220184	0.999758	-10.5379
0	4.15187	0.0220185	0.999758	-10.4837
0	4.13215	0.0220187	0.999758	-10.4295
0	4.11243	0.0220191	0.999758	-10.3753
0	4.0927	0.0220209	0.999758	-10.3211
0	4.07298	0.0220212	0.999758	-10.2669
0	4.05325	0.0220213	0.999758	-10.2127
0	4.03353	0.0220215	0.999757	-10.1585
0	4.01381	0.0220224	0.999757	-10.1043
0	3.99408	0.0220228	0.999757	-10.0501
0	3.97436	0.0220242	0.999757	-9.99591
0	3.95464	0.0220242	0.999757	-9.94171
0	3.93491	0.0220242	0.999757	-9.88751
0	3.91519	0.0220252	0.999757	-9.83331
0	3.89546	0.0220265	0.999757	-9.7791
0	3.87574	0.0220276	0.999757	-9.7249
0	3.85602	0.0220284	0.999757	-9.6707
0	3.83629	0.0220299	0.999757	-9.6165
0	3.81657	0.02203	0.999757	-9.5623
0	3.79684	0.0220313	0.999757	-9.50809
0	3.77712	0.0220316	0.999757	-9.45389
0	3.7574	0.0220328	0.999757	-9.39969
0	3.73767	0.0220343	0.999757	-9.34549
0	3.71795	0.0220346	0.999757	-9.29129
0	3.69822	0.0220346	0.999757	-9.23708
0	3.6785	0.0220362	0.999757	-9.18288
0	3.65878	0.0220377	0.999757	-9.12868
0	3.63905	0.0220377	0.999757	-9.07448
0	3.61933	0.0220396	0.999757	-9.02028
0	3.59961	0.0220412	0.999757	-8.96607
0	3.57988	0.0220413	0.999757	-8.91187
0	3.56016	0.0220434	0.999757	-8.85767
0	3.54043	0.0220438	0.999757	-8.80347
0	3.52071	0.0220446	0.999757	-8.74927
0	3.50099	0.0220447	0.999757	-8.69506
0	3.48126	0.0220454	0.999757	-8.64086
0	3.46154	0.022046	0.999757	-8.58666
0	3.44181	0.0220461	0.999757	-8.53246
0	3.42209	0.0220472	0.999757	-8.47825
0	3.40237	0.0220472	0.999757	-8.42405
0	3.38264	0.0220477	0.999757	-8.36985
0	3.36292	0.0220483	0.999757	-8.31565
0	3.3432	0.02205	0.999757	-8.26145
0	3.32347	0.0220507	0.999757	-8.20724
0	3.30375	0.0220518	0.999757	-8.15304
0	3.28402	0.0220524	0.999757	-8.09884
0	3.2643	0.0220524	0.999757	-8.04464
0	3.24458	0.0220536	0.999757	-7.99044
0	3.22485	0.0220542	0.999757	-7.93623
0	3.20513	0.0220555	0.999757	-7.88203
0	3.1854	0.0220559	0.999757	-7.82783
0	3.16568	0.0220571	0.999757	-7.77363
0	3.14596	0.0220578	0.999757	-7.71943
0	3.12623	0.0220579	0.999757	-7.66522
0	3.10651	0.0220589	0.999757	-7.61102
0	3.08679	0.0220589	0.999757	-7.55682
0	3.06706	0.0220592	0.999757	-7.50262
0	3.04734	0.0220595	0.999757	-7.44842
0	3.02761	0.0220606	0.999757	-7.39421
0	3.00789	0.0220608	0.999757	-7.34001
0	2.98817	0.0220616	0.999757	-7.28581
0	2.96844	0.0220616	0.999757	-7.23161
0	2.94872	0.0220624	0.999757	-7.17741
0	2.92899	0.0220641	0.999757	-7.1232
0	2.90927	0.0220655	0.999757	-7.069
0	2.88955	0.0220678	0.999756	-7.0148
0	2.86982	0.0220678	0.999756	-6.9606
0	2.8501	0.0220691	0.999756	-6.9064
0	2.83037	0.0220699	0.999756	-6.85219
0	2.81065	0.0220701	0.999756	-6.79799
0	2.79093	0.0220707	0.999756	-6.74379
0	2.7712	0.0220717	0.999756	-6.68959
0	2.75148	0.0220724	0.999756	-6.63539
0	2.73176	0.0220726	0.999756	-6.58118
0	2.71203	0.0220737	0.999756	-6.52698
0	2.69231	0.0220741	0.999756	-6.47278
0	2.67258	0.0220743	0.999756	-6.41858
0	2.65286	0.0220753	0.999756	-6.36438
0	2.63314	0.0220772	0.999756	-6.31017
0	2.61341	0.022078	0.999756	-6.25597
0	2.59369	0.022079	0.999756	-6.20177
0	2.57396	0.0220793	0.999756	-6.14757
0	2.55424	0.0220797	0.999756	-6.09337
0	2.53452	0.0220801	0.999756	-6.03916
0	2.51479	0.0220805	0.999756	-5.98496
0	2.49507	0.0220815	0.999756	-5.93076
0	2.47535	0.0220822	0.999756	-5.87656
0	2.45562	0.0220832	0.999756	-5.82236
0	2.4359	0.0220835	0.999756	-5.76816
0	2.41617	0.022084	0.999756	-5.71395
0	2.39645	0.0220854	0.999756	-5.65975
0	2.37673	0.0220863	0.999756	-5.60555
0	2.357	0.0220867	0.999756	-5.55135
0	2.33728	0.0220872	0.999756	-5.49715
0	2.31755	0.0220872	0.999756	-5.44294
0	2.29783	0.0220872	0.999756	-5.38874
0	2.27811	0.022089	0.999756	-5.33454
0	2.25838	0.0220897	0.999756	-5.28034
0	2.23866	0.022092	0.999756	-5.22614
0	2.21893	0.0220921	0.999756	-5.17193
0	2.19921	0.0220942	0.999756	-5.11773
0	2.17949	0.0220944	0.999756	-5.06353
0	2.15976	0.0220949	0.999756	-5.00933
0	2.14004	0.0220966	0.999756	-4.95513
0	2.12032	0.0220972	0.999756	-4.90092
0	2.10059	0.0220986	0.999756	-4.84672
0	2.08087	0.0220995	0.999756	-4.79252
0	2.06114	0.0221016	0.999756	-4.73832
0	2.04142	0.0221031	0.999756	-4.68412
0	2.0217	0.0221035	0.999756	-4.62992
0	2.00197	0.0221039	0.999756	-4.57571
0	1.98225	0.0221065	0.999756	-4.52151
0	1.96252	0.0221069	0.999756	-4.46731
0	1.9428	0.0221069	0.999756	-4.41311
0	1.92308	0.0221081	0.999756	-4.35891
0	1.90335	0.0221093	0.999756	-4.3047
0	1.88363	0.0221098	0.999756	-4.2505
0	1.86391	0.0221102	0.999756	-4.1963
0	1.84418	0.0221109	0.999756	-4.1421
0	1.82446	0.022111	0.999756	-4.0879
0	1.80473	0.0221125	0.999755	-4.03369
0	1.78501	0.0221133	0.999755	-3.97949
0	1.76529	0.0221152	0.999755	-3.92529
0	1.74556	0.0221161	0.999755	-3.87109
0	1.72584	0.0221177	0.999755	-3.81689
0	1.70611	0.0221183	0.999755	-3.76269
0	1.68639	0.0221191	0.999755	-3.70848
0	1.66667	0.0221206	0.999755	-3.65428
0	1.64694	0.0221206	0.999755	-3.60008
0	1.62722	0.0221217	0.999755	-3.54588
0	1.6075	0.0221221	0.999755	-3.49168
0	1.58777	0.0221227	0.999755	-3.43747
0	1.56805	0.0221238	0.999755	-3.38327
0	1.54832	0.0221239	0.999755	-3.32907
0	1.5286	0.0221243	0.999755	-3.27487
0	1.50888	0.0221251	0.999755	-3.22067
0	1.48915	0.0221252	0.999755	-3.16646
0	1.46943	0.0221253	0.999755	-3.11226
0	1.4497	0.0221272	0.999755	-3.05806
0	1.42998	0.0221287	0.999755	-3.00386
0	1.41026	0.0221294	0.999755	-2.94966
0	1.39053	0.0221296	0.999755	-2.89546
0	1.37081	0.0221296	0.999755	-2.84125
0	1.35108	0.0221299	0.999755	-2.78705
0	1.33136	0.0221299	0.999755	-2.73285
0	1.31164	0.02213	0.999755	-2.67865
0	1.29191	0.022132	0.999755	-2.62445
0	1.27219	0.0221328	0.999755	-2.57024
0	1.25247	0.0221329	0.999755	-2.51604
0	1.23274	0.0221345	0.999755	-2.46184
0	1.21302	0.0221351	0.999755	-2.40764
0	1.19329	0.0221353	0.999755	-2.35344
0	1.17357	0.0221361	0.999755	-2.29924
0	1.15385	0.0221382	0.999755	-2.24503
0	1.13412	0.0221385	0.999755	-2.19083
0	1.1144	0.0221395	0.999755	-2.13663
0	1.09467	0.0221408	0.999755	-2.08243
0	1.07495	0.022143	0.999755	-2.02823
0	1.05523	0.0221443	0.999755	-1.97403
0	1.0355	0.022145	0.999755	-1.91982
0	1.01578	0.0221451	0.999755	-1.86562
0	0.996055	0.0221455	0.999755	-1.81142
0	0.976331	0.0221461	0.999755	-1.75722
0	0.956607	0.0221483	0.999755	-1.70302
0	0.936884	0.0221483	0.999755	-1.64881
0	0.91716	0.0221492	0.999755	-1.59461
0	0.897436	0.0221505	0.999755	-1.54041
0	0.877712	0.0221521	0.999755	-1.48621
0	0.857988	0.0221522	0.999755	-1.43201
0	0.838264	0.0221533	0.999755	-1.37781
0	0.81854	0.0221538	0.999755	-1.3236
0	0.798817	0.0221549	0.999755	-1.2694
0	0.779093	0.0221557	0.999755	-1.2152
0	0.759369	0.0221562	0.999755	-1.161
0	0.739645	0.0221562	0.999755	-1.1068
0	0.719921	0.0221564	0.999755	-1.05259
0	0.700197	0.0221571	0.999755	-0.998393
0	0.680473	0.0221573	0.999754	-0.944191
0	0.66075	0.0221579	0.999754	-0.889989
0	0.641026	0.0221582	0.999754	-0.835787
0	0.621302	0.0221592	0.999754	-0.781585
0	0.601578	0.0221607	0.999754	-0.727384
0	0.581854	0.0221616	0.999754	-0.673182
0	0.56213	0.0221617	0.999754	-0.61898
0	0.542406	0.022162	0.999754	-0.564778
0	0.522682	0.0221628	0.999754	-0.510576
0	0.502959	0.0221631	0.999754	-0.456375
0	0.483235	0.0221632	0.999754	-0.402173
0	0.463511	0.0221639	0.999754	-0.347971
0	0.443787	0.0222362	0.999753	-0.293789
0	0.424063	0.0229334	0.999737	-0.23978
0	0.404339	0.0239602	0.999713	-0.185863
0	0.384615	0.0252069	0.999682	-0.132008
0	0.364892	0.0266455	0.999645	-0.0782082
0	0.345168	0.028273	0.9996	-0.0244624
0	0.325444	0.0300964	0.999547	0.029227
0	0.30572	0.0321457	0.999483	0.0828512
0	0.285996	0.0344532	0.999406	0.136401
0	0.266272	0.0370508	0.999313	0.189866
0	0.246548	0.039991	0.9992	0.243232
0	0.226824	0.0433342	0.999061	0.29648
0	0.207101	0.0505685	0.998721	0.348653
0	0.187377	0.0619035	0.998082	0.399709
0	0.167653	0.0781848	0.996939	0.44945
0	0.147929	0.11369	0.993516	0.49428
0	0.128205	0.191466	0.981499	0.529654
0	0.108481	0.323904	0.94609	0.55749
0	0.0887574	0.440944	0.897535	0.593536
0	0.0690335	0.528762	0.84877	0.635353
0	0.0493097	0.577626	0.816301	0.678869
0	0.0295858	0.640565	0.767904	0.720863
0	0.00986193	0.691333	0.722536	0.761396
0	-0.00986193	0.7356	0.677416	0.799692
0	-0.0295858	0.784921	0.619596	0.835322
0	-0.0493097	0.837111	0.547033	0.867661
0	-0.0690335	0.888968	0.457969	0.895787
0	-0.0887574	0.936841	0.349756	0.918266
0	-0.108481	0.994818	0.101676	0.931861
0	-0.128205	-0.191045	-0.981581	0.529745
0	-0.147929	-0.191488	-0.981495	0.476437
0	-0.167653	-0.191488	-0.981495	0.423225
0	-0.187377	-0.191488	-0.981495	0.370013
0	-0.207101	-0.191488	-0.981495	0.316801
0	-0.226824	-0.191488	-0.981495	0.263589
0	-0.246548	-0.191489	-0.981495	0.210377
0	-0.266272	-0.191489	-0.981495	0.157165
0	-0.285996	-0.191489	-0.981495	0.103953
0	-0.30572	-0.191489	-0.981495	0.0507408
0	-0.325444	-0.191489	-0.981495	-0.0024713
0	-0.345168	-0.191489	-0.981495	-0.0556833
0	-0.364892	-0.191489	-0.981495	-0.108895
0	-0.384615	-0.191489	-0.981495	-0.162107
0	-0.404339	-0.191489	-0.981495	-0.215319
0	-0.424063	-0.191489	-0.981495	-0.268531
0	-0.443787	-0.19149	-0.981495	-0.321743
0	-0.463511	-0.19149	-0.981495	-0.374955
0	-0.483235	-0.19149	-0.981495	-0.428167
0	-0.502959	-0.19149	-0.981495	-0.481379
0	-0.522682	-0.19149	-0.981495	-0.534591
0	-0.542406	-0.187184	-0.982325	-0.587807
0	-0.56213	-0.182615	-0.983185	-0.64108
0	-0.581854	-0.172617	-0.984989	-0.694384
0	-0.601578	-0.172316	-0.985042	-0.747785
0	-0.621302	-0.166949	-0.985966	-0.801212
0	-0.641026	-0.161313	-0.986903	-0.85468
0	-0.66075	-0.158406	-0.987374	-0.908193
0	-0.680473	-0.152114	-0.988363	-0.961736
0	-0.700197	-0.148885	-0.988854	-1.01532
0	-0.719921	-0.145453	-0.989365	-1.06894
0	-0.739645	-0.141804	-0.989895	-1.12258
0	-0.759369	-0.137926	-0.990442	-1.17625
0	-0.779093	-0.135883	-0.990725	-1.22995
0	-0.798817	-0.131445	-0.991323	-1.28367
0	-0.81854	-0.129104	-0.991631	-1.33741
0	-0.838264	-0.126576	-0.991957	-1.39118
0	-0.857988	-0.123839	-0.992302	-1.44496
0	-0.877712	-0.120872	-0.992668	-1.49876
0	-0.897436	-0.119262	-0.992863	-1.55259
0	-0.91716	-0.115703	-0.993284	-1.60642
0	-0.936884	-0.113763	-0.993508	-1.66027
0	-0.956607	-0.111608	-0.993752	-1.71414
0	-0.976331	-0.109208	-0.994019	-1.76801
0	-0.996055	-0.107871	-0.994165	-1.82191
0	-1.01578	-0.104867	-0.994486	-1.87581
0	-1.0355	-0.104036	-0.994574	-1.92972
0	-1.05523	-0.102218	-0.994762	-1.98365
0	-1.07495	-0.100298	-0.994957	-2.03759
0	-1.09467	-0.0983569	-0.995151	-2.09153
0	-1.1144	-0.0964799	-0.995335	-2.14549
0	-1.13412	-0.0947307	-0.995503	-2.19945
0	-1.15385	-0.0931417	-0.995653	-2.25342
0	-1.17357	-0.0917096	-0.995786	-2.3074
0	-1.19329	-0.0904228	-0.995903	-2.36139
0	-1.21302	-0.0892594	-0.996008	-2.41538
0	-1.23274	-0.0871523	-0.996195	-2.46938
0	-1.25247	-0.0866726	-0.996237	-2.52339
0	-1.27219	-0.0849106	-0.996389	-2.57741
0	-1.29191	-0.0841006	-0.996457	-2.63143
0	-1.31164	-0.0825959	-0.996583	-2.68545
0	-1.33136	-0.0811992	-0.996698	-2.73948
0	-1.35108	-0.0811992	-0.996698	-2.79313
0	-1.37081	-0.0787308	-0.996896	-2.84756
0	-1.39053	-0.0781559	-0.996941	-2.90161
0	-1.41026	-0.0770646	-0.997026	-2.95566
0	-1.42998	-0.0760307	-0.997105	-3.00972
0	-1.4497	-0.0750487	-0.99718	-3.06377
0	-1.46943	-0.0741115	-0.99725	-3.11784
0	-1.48915	-0.0732173	-0.997316	-3.17191
0	-1.50888	-0.0715116	-0.99744	-3.22598
0	-1.5286	-0.0713067	-0.997454	-3.28005
0	-1.54832	-0.069741	-0.997565	-3.33413
0	-1.56805	-0.069552	-0.997578	-3.38821
0	-1.58777	-0.0681009	-0.997678	-3.4423
0	-1.6075	-0.0679265	-0.99769	-3.49639
0	-1.62722	-0.0665754	-0.997781	-3.55048
0	-1.64694	-0.0662477	-0.997803	-3.60457
0	-1.66667	-0.0649837	-0.997886	-3.65867
0	-1.68639	-0.0649837	-0.997886	-3.71268
0	-1.70611	-0.0637917	-0.997963	-3.76687
0	-1.72584	-0.0632145	-0.998	-3.82098
0	-1.74556	-0.0626513	-0.998035	-3.87509
0	-1.76529	-0.0615628	-0.998103	-3.9292
0	-1.78501	-0.0612968	-0.99812	-3.98331
0	-1.80473	-0.0602656	-0.998182	-4.03742
0	-1.82446	-0.0597638	-0.998213	-4.09154
0	-1.84418	-0.059272	-0.998242	-4.14566
0	-1.86391	-0.0583151	-0.998298	-4.19978
0	-1.88363	-0.0580807	-0.998312	-4.2539
0	-1.90335	-0.0571677	-0.998365	-4.30802
0	-1.92308	-0.0569427	-0.998377	-4.36215
0	-1.9428	-0.0560713	-0.998427	-4.41628
0	-1.96252	-0.0556433	-0.998451	-4.47041
0	-1.98225	-0.0552252	-0.998474	-4.52454
0	-2.00197	-0.0544063	-0.998519	-4.57867
0	-2.0217	-0.0542048	-0.99853	-4.63281
0	-2.04142	-0.0534189	-0.998572	-4.68695
0	-2.06114	-0.0530344	-0.998593	-4.74108
0	-2.08087	-0.0526541	-0.998613	-4.79522
0	-2.10059	-0.0519131	-0.998652	-4.84936
0	-2.12032	-0.0515476	-0.998671	-4.90351
0	-2.14004	-0.0511905	-0.998689	-4.95765
0	-2.15976	-0.050488	-0.998725	-5.01179
0	-2.17949	-0.0503141	-0.998733	-5.06594
0	-2.19921	-0.0496351	-0.998767	-5.12009
0	-2.21893	-0.0493023	-0.998784	-5.17423
0	-2.23866	-0.0489723	-0.9988	-5.22838
0	-2.25838	-0.0483277	-0.998832	-5.28253
0	-2.27811	-0.0483277	-0.998832	-5.33659
0	-2.29783	-0.0476993	-0.998862	-5.39084
0	-2.31755	-0.0470836	-0.998891	-5.44499
0	-2.33728	-0.0469304	-0.998898	-5.49915
0	-2.357	-0.0463342	-0.998926	-5.5533
0	-2.37673	-0.0463342	-0.998926	-5.60737
0	-2.39645	-0.0457512	-0.998953	-5.66162
0	-2.41617	-0.0451788	-0.998979	-5.71578
0	-2.4359	-0.0450371	-0.998985	-5.76994
0	-2.45562	-0.0444816	-0.99901	-5.8241
0	-2.47535	-0.0443424	-0.999016	-5.87826
0	-2.49507	-0.0438008	-0.99904	-5.93242
0	-2.51479	-0.0436659	-0.999046	-5.98659
0	-2.53452	-0.0431398	-0.999069	-6.04075
0	-2.55424	-0.0428805	-0.99908	-6.09491
0	-2.57396	-0.0426228	-0.999091	-6.14908
0	-2.59369	-0.0421164	-0.999113	-6.20325
0	-2.61341	-0.0419912	-0.999118	-6.25741
0	-2.63314	-0.0414959	-0.999139	-6.31158
0	-2.65286	-0.0413732	-0.999144	-6.36575
0	-2.67258	-0.0408923	-0.999164	-6.41992
0	-2.69231	-0.0407706	-0.999169	-6.47409
0	-2.71203	-0.0403011	-0.999188	-6.52826
0	-2.73176	-0.0401842	-0.999192	-6.58243
0	-2.75148	-0.0397258	-0.999211	-6.6366
0	-2.7712	-0.0396105	-0.999215	-6.69077
0	-2.79093	-0.0391623	-0.999233	-6.74495
0	-2.81065	-0.0390504	-0.999237	-6.79912
0	-2.83037	-0.0388284	-0.999246	-6.85329
0	-2.8501	-0.0383935	-0.999263	-6.90747
0	-2.86982	-0.0382833	-0.999267	-6.96164
0	-2.88955	-0.0378572	-0.999283	-7.01582
0	-2.90927	-0.0377492	-0.999287	-7.07
0	-2.92899	-0.0373327	-0.999303	-7.12417
0	-2.94872	-0.0373327	-0.999303	-7.17832
0	-2.96844	-0.0369231	-0.999318	-7.23253
0	-2.98817	-0.0367209	-0.999326	-7.28671
0	-3.00789	-0.0365201	-0.999333	-7.34089
0	-3.02761	-0.0361232	-0.999347	-7.39506
0	-3.04734	-0.036074	-0.999349	-7.44924
0	-3.06706	-0.0356849	-0.999363	-7.50342
0	-3.08679	-0.0355878	-0.999367	-7.5576
0	-3.10651	-0.0353951	-0.999373	-7.61179
0	-3.12623	-0.035017	-0.999387	-7.66597
0	-3.14596	-0.0349208	-0.99939	-7.72015
0	-3.16568	-0.0347352	-0.999397	-7.77433
0	-3.1854	-0.034366	-0.999409	-7.82851
0	-3.20513	-0.0342728	-0.999413	-7.8827
0	-3.22485	-0.0340911	-0.999419	-7.93688
0	-3.24458	-0.0337323	-0.999431	-7.99107
0	-3.2643	-0.0337323	-0.999431	-8.04522
0	-3.28402	-0.0333802	-0.999443	-8.09943
0	-3.30375	-0.0333802	-0.999443	-8.15357
0	-3.32347	-0.0330322	-0.999454	-8.2078
0	-3.3432	-0.0328594	-0.99946	-8.26199
0	-3.36292	-0.032688	-0.999466	-8.31618
0	-3.38264	-0.0325176	-0.999471	-8.37036
0	-3.40237	-0.032184	-0.999482	-8.42455
0	-3.42209	-0.032184	-0.999482	-8.47871
0	-3.44181	-0.0318534	-0.999493	-8.53292
0	-3.46154	-0.0317709	-0.999495	-8.58711
0	-3.48126	-0.0314478	-0.999505	-8.6413
0	-3.50099	-0.0314478	-0.999505	-8.69548
0	-3.52071	-0.0311278	-0.999515	-8.74968
0	-3.54043	-0.0310485	-0.999518	-8.80387
0	-3.56016	-0.0308915	-0.999523	-8.85806
0	-3.57988	-0.0308915	-0.999523	-8.91215
0	-3.59961	-0.0302751	-0.999542	-8.96643
0	-3.61933	-0.0302751	-0.999542	-9.02062
0	-3.63905	-0.0302751	-0.999542	-9.07479
0	-3.65878	-0.0299739	-0.999551	-9.12901
0	-3.6785	-0.0298964	-0.999553	-9.1832
0	-3.69822	-0.0297459	-0.999557	-9.23739
0	-3.71795	-0.0297459	-0.999557	-9.29149
0	-3.73767	-0.0291632	-0.999575	-9.34577
0	-3.7574	-0.0291632	-0.999575	-9.39996
0	-3.77712	-0.0291632	-0.999575	-9.45413
0	-3.79684	-0.0288759	-0.999583	-9.50835
0	-3.81657	-0.0288026	-0.999585	-9.56254
0	-3.83629	-0.0286603	-0.999589	-9.61673
0	-3.85602	-0.0285188	-0.999593	-9.67093
0	-3.87574	-0.0283766	-0.999597	-9.72512
0	-3.89546	-0.028238	-0.999601	-9.77931
0	-3.91519	-0.0280978	-0.999605	-9.83351
0	-3.93491	-0.0279593	-0.999609	-9.8877
0	-3.95464	-0.0278229	-0.999613	-9.94189
0	-3.97436	-0.0276874	-0.999617	-9.99609
0	-3.99408	-0.0275513	-0.99962	-10.0503
0	-4.01381	-0.0274178	-0.999624	-10.1045
0	-4.03353	-0.0272829	-0.999628	-10.1587
0	-4.05325	-0.0271502	-0.999631	-10.2129
0	-4.07298	-0.0270172	-0.999635	-10.2671
0	-4.0927	-0.0268866	-0.999638	-10.3213
0	-4.11243	-0.0267564	-0.999642	-10.3755
0	-4.13215	-0.0266275	-0.999645	-10.4297
0	-4.15187	-0.0264982	-0.999649	-10.4838
0	-4.1716	-0.0263716	-0.999652	-10.538
0	-4.19132	-0.0262445	-0.999656	-10.5922
0	-4.21105	-0.0261172	-0.999659	-10.6464
0	-4.23077	-0.0259915	-0.999662	-10.7006
0	-4.25049	-0.0258677	-0.999665	-10.7548
0	-4.27022	-0.0257438	-0.999669	-10.809
0	-4.28994	-0.0256211	-0.999672	-10.8632
0	-4.30966	-0.0254987	-0.999675	-10.9174
0	-4.32939	-0.0253778	-0.999678	-10.9716
0	-4.34911	-0.0252584	-0.999681	-11.0258
0	-4.36884	-0.0252584	-0.999681	-11.08
0	-4.38856	-0.0250214	-0.999687	-11.1342
0	-4.40828	-0.0249627	-0.999688	-11.1884
0	-4.42801	-0.0248447	-0.999691	-11.2426
0	-4.44773	-0.0247282	-0.999694	-11.2968
0	-4.46746	-0.0246107	-0.999697	-11.351
0	-4.48718	-0.0244952	-0.9997	-11.4052
0	-4.5069	-0.0243796	-0.999703	-11.4594
0	-4.52663	-0.0243796	-0.999703	-11.5136
0	-4.54635	-0.0241528	-0.999708	-11.5678
0	-4.56607	-0.0240951	-0.99971	-11.622
0	-4.5858	-0.0239816	-0.999712	-11.6762
0	-4.60552	-0.0238695	-0.999715	-11.7304
0	-4.62525	-0.0237586	-0.999718	-11.7846
0	-4.64497	-0.0237586	-0.999718	-11.8388
0	-4.66469	-0.0235381	-0.999723	-11.893
0	-4.68442	-0.0234827	-0.999724	-11.9472
0	-4.70414	-0.0233721	-0.999727	-12.0014
0	-4.72387	-0.0232621	-0.999729	-12.0556
0	-4.74359	-0.0232081	-0.999731	-12.1098
0	-4.76331	-0.0230997	-0.999733	-12.164
0	-4.78304	-0.0229921	-0.999736	-12.2182
0	-4.80276	-0.0228858	-0.999738	-12.2724
0	-4.82249	-0.0228858	-0.999738	-12.3266
0	-4.84221	-0.0226774	-0.999743	-12.3808
0	-4.86193	-0.0226774	-0.999743	-12.435
0	-4.88166	-0.0224703	-0.999748	-12.4892
0	-4.90138	-0.0224703	-0.999748	-12.5434
0	-4.9211	-0.0223667	-0.99975	-12.5976
0	-4.94083	-0.0222635	-0.999752	-12.6518
0	-4.96055	-0.0221615	-0.999754	-12.706
0	-4.98028	-0.0221615	-0.999754	-12.7602
0	-5	-0.0219589	-0.999759	-12.8144
