0	-5	0.00800893	-0.999968	-14.164
0	-4.98028	0.00800996	-0.999968	-14.0985
0	-4.96055	0.00801107	-0.999968	-14.033
0	-4.94083	0.00801169	-0.999968	-13.9675
0	-4.9211	0.00801272	-0.999968	-13.902
0	-4.90138	0.00801448	-0.999968	-13.8366
0	-4.88166	0.00801448	-0.999968	-13.7711
0	-4.86193	0.00801663	-0.999968	-13.7056
0	-4.84221	0.00801776	-0.999968	-13.6401
0	-4.82249	0.00801857	-0.999968	-13.5746
0	-4.80276	0.00801912	-0.999968	-13.5091
0	-4.78304	0.00801954	-0.999968	-13.4437
0	-4.76331	0.00801975	-0.999968	-13.3782
0	-4.74359	0.0080202	-0.999968	-13.3127
0	-4.72387	0.00802153	-0.999968	-13.2472
0	-4.70414	0.00802361	-0.999968	-13.1817
0	-4.68442	0.00802431	-0.999968	-13.1163
0	-4.66469	0.00802509	-0.999968	-13.0508
0	-4.64497	0.00802671	-0.999968	-12.9853
0	-4.62525	0.00802707	-0.999968	-12.9198
0	-4.60552	0.00802796	-0.999968	-12.8543
0	-4.5858	0.00802895	-0.999968	-12.7889
0	-4.56607	0.00803033	-0.999968	-12.7234
0	-4.54635	0.00803033	-0.999968	-12.6579
0	-4.52663	0.00803061	-0.999968	-12.5924
0	-4.5069	0.00803162	-0.999968	-12.5269
0	-4.48718	0.00803187	-0.999968	-12.4615
0	-4.46746	0.0080322	-0.999968	-12.396
0	-4.44773	0.00803356	-0.999968	-12.3305
0	-4.42801	0.00803451	-0.999968	-12.265
0	-4.40828	0.00803517	-0.999968	-12.1995
0	-4.38856	0.00803568	-0.999968	-12.1341
0	-4.36884	0.00803614	-0.999968	-12.0686
0	-4.34911	0.0080383	-0.999968	-12.0031
0	-4.32939	0.00803941	-0.999968	-11.9376
0	-4.30966	0.00804047	-0.999968	-11.8721
0	-4.28994	0.0080424	-0.999968	-11.8067
0	-4.27022	0.00804273	-0.999968	-11.7412
0	-4.25049	0.00804482	-0.999968	-11.6757
0	-4.23077	0.00804564	-0.999968	-11.6102
0	-4.21105	0.0080464	-0.999968	-11.5447
0	-4.19132	0.00804858	-0.999968	-11.4793
0	-4.1716	0.0080498	-0.999968	-11.4138
0	-4.15187	0.00805166	-0.999968	-11.3483
0	-4.13215	0.00805263	-0.999968	-11.2828
0	-4.11243	0.00805293	-0.999968	-11.2173
0	-4.0927	0.00805348	-0.999968	-11.1519
0	-4.07298	0.00805452	-0.999968	-11.0864
0	-4.05325	0.00805581	-0.999968	-11.0209
0	-4.03353	0.00805772	-0.999968	-10.9554
0	-4.01381	0.00805895	-0.999968	-10.8899
0	-3.99408	0.00805919	-0.999968	-10.8245
0	-3.97436	0.0080596	-0.999968	-10.759
0	-3.95464	0.00806116	-0.999968	-10.6935
0	-3.93491	0.00806222	-0.999967	-10.628
0	-3.91519	0.00806247	-0.999967	-10.5625
0	-3.89546	0.00806347	-0.999967	-10.4971
0	-3.87574	0.00806356	-0.999967	-10.4316
0	-3.85602	0.00806509	-0.999967	-10.3661
0	-3.83629	0.00806614	-0.999967	-10.3006
0	-3.81657	0.00806797	-0.999967	-10.2351
0	-3.79684	0.00806848	-0.999967	-10.1697
0	-3.77712	0.00807045	-0.999967	-10.1042
0	-3.7574	0.00807045	-0.999967	-10.0387
0	-3.73767	0.00807255	-0.999967	-9.97322
0	-3.71795	0.00807413	-0.999967	-9.90774
0	-3.69822	0.00807418	-0.999967	-9.84226
0	-3.6785	0.00807477	-0.999967	-9.77678
0	-3.65878	0.00807568	-0.999967	-9.7113
0	-3.63905	0.00807584	-0.999967	-9.64582
0	-3.61933	0.00807783	-0.999967	-9.58034
0	-3.59961	0.00807875	-0.999967	-9.51486
0	-3.57988	0.00807923	-0.999967	-9.44938
0	-3.56016	0.00808032	-0.999967	-9.3839
0	-3.54043	0.00808196	-0.999967	-9.31842
0	-3.52071	0.00808214	-0.999967	-9.25294
0	-3.50099	0.00808406	-0.999967	-9.18746
0	-3.48126	0.00808505	-0.999967	-9.12198
0	-3.46154	0.00808672	-0.999967	-9.0565
0	-3.44181	0.00808714	-0.999967	-8.99102
0	-3.42209	0.00808777	-0.999967	-8.92554
0	-3.40237	0.00809007	-0.999967	-8.86006
0	-3.38264	0.00809165	-0.999967	-8.79458
0	-3.36292	0.0080922	-0.999967	-8.7291
0	-3.3432	0.00809297	-0.999967	-8.66362
0	-3.32347	0.00809385	-0.999967	-8.59814
0	-3.30375	0.00809385	-0.999967	-8.53266
0	-3.28402	0.00809465	-0.999967	-8.46718
0	-3.2643	0.00809499	-0.999967	-8.4017
0	-3.24458	0.00809505	-0.999967	-8.33622
0	-3.22485	0.00809595	-0.999967	-8.27074
0	-3.20513	0.00809637	-0.999967	-8.20526
0	-3.1854	0.00809731	-0.999967	-8.13978
0	-3.16568	0.00809814	-0.999967	-8.0743
0	-3.14596	0.00809938	-0.999967	-8.00882
0	-3.12623	0.00809944	-0.999967	-7.94334
0	-3.10651	0.00809944	-0.999967	-7.87786
0	-3.08679	0.00810078	-0.999967	-7.81238
0	-3.06706	0.00810132	-0.999967	-7.7469
0	-3.04734	0.00810132	-0.999967	-7.68142
0	-3.02761	0.00810283	-0.999967	-7.61594
0	-3.00789	0.0081031	-0.999967	-7.55046
0	-2.98817	0.00810315	-0.999967	-7.48498
0	-2.96844	0.0081047	-0.999967	-7.4195
0	-2.94872	0.00810631	-0.999967	-7.35402
0	-2.92899	0.00810796	-0.999967	-7.28854
0	-2.90927	0.00810876	-0.999967	-7.22306
0	-2.88955	0.00810944	-0.999967	-7.15758
0	-2.86982	0.0081102	-0.999967	-7.0921
0	-2.8501	0.00811027	-0.999967	-7.02662
0	-2.83037	0.00811027	-0.999967	-6.96114
0	-2.81065	0.00811085	-0.999967	-6.89566
0	-2.79093	0.00811199	-0.999967	-6.83018
0	-2.7712	0.00811221	-0.999967	-6.7647
0	-2.75148	0.00811364	-0.999967	-6.69922
0	-2.73176	0.0081141	-0.999967	-6.63374
0	-2.71203	0.00811532	-0.999967	-6.56826
0	-2.69231	0.00811633	-0.999967	-6.50278
0	-2.67258	0.00811687	-0.999967	-6.4373
0	-2.65286	0.00811818	-0.999967	-6.37182
0	-2.63314	0.00811917	-0.999967	-6.30634
0	-2.61341	0.00812133	-0.999967	-6.24086
0	-2.59369	0.00812275	-0.999967	-6.17538
0	-2.57396	0.00812292	-0.999967	-6.1099
0	-2.55424	0.00812372	-0.999967	-6.04442
0	-2.53452	0.00812372	-0.999967	-5.97894
0	-2.51479	0.00812461	-0.999967	-5.91346
0	-2.49507	0.00812545	-0.999967	-5.84798
0	-2.47535	0.00812667	-0.999967	-5.7825
0	-2.45562	0.00812783	-0.999967	-5.71702
0	-2.4359	0.00812799	-0.999967	-5.65154
0	-2.41617	0.00812852	-0.999967	-5.58606
0	-2.39645	0.0081295	-0.999967	-5.52058
0	-2.37673	0.00812982	-0.999967	-5.4551
0	-2.357	0.00813109	-0.999967	-5.38962
0	-2.33728	0.00813177	-0.999967	-5.32414
0	-2.31755	0.00813233	-0.999967	-5.25866
0	-2.29783	0.00813299	-0.999967	-5.19318
0	-2.27811	0.00813308	-0.999967	-5.1277
0	-2.25838	0.00813401	-0.999967	-5.06222
0	-2.23866	0.00813458	-0.999967	-4.99674
0	-2.21893	0.00813679	-0.999967	-4.93126
0	-2.19921	0.00813824	-0.999967	-4.86578
0	-2.17949	0.00813893	-0.999967	-4.8003
0	-2.15976	0.00813964	-0.999967	-4.73482
0	-2.14004	0.00814103	-0.999967	-4.66934
0	-2.12032	0.00814172	-0.999967	-4.60386
0	-2.10059	0.00814236	-0.999967	-4.53838
0	-2.08087	0.00814395	-0.999967	-4.4729
0	-2.06114	0.00814489	-0.999967	-4.40742
0	-2.04142	0.00814642	-0.999967	-4.34194
0	-2.0217	0.00814642	-0.999967	-4.27646
0	-2.00197	0.00814769	-0.999967	-4.21098
0	-1.98225	0.00814913	-0.999967	-4.1455
0	-1.96252	0.00814984	-0.999967	-4.08001
0	-1.9428	0.00815094	-0.999967	-4.01453
0	-1.92308	0.00815123	-0.999967	-3.94905
0	-1.90335	0.00815228	-0.999967	-3.88357
0	-1.88363	0.00815268	-0.999967	-3.81809
0	-1.86391	0.0081541	-0.999967	-3.75261
0	-1.84418	0.00815431	-0.999967	-3.68713
0	-1.82446	0.00815469	-0.999967	-3.62165
0	-1.80473	0.00815574	-0.999967	-3.55617
0	-1.78501	0.00815598	-0.999967	-3.49069
0	-1.76529	0.00815656	-0.999967	-3.42521
0	-1.74556	0.00815731	-0.999967	-3.35973
0	-1.72584	0.00815831	-0.999967	-3.29425
0	-1.70611	0.00815896	-0.999967	-3.22877
0	-1.68639	0.00816005	-0.999967	-3.16329
0	-1.66667	0.0081614	-0.999967	-3.09781
0	-1.64694	0.0081614	-0.999967	-3.03233
0	-1.62722	0.00816353	-0.999967	-2.96685
0	-1.6075	0.00816357	-0.999967	-2.90137
0	-1.58777	0.00816576	-0.999967	-2.83589
0	-1.56805	0.00816726	-0.999967	-2.77041
0	-1.54832	0.00816778	-0.999967	-2.70493
0	-1.5286	0.00816892	-0.999967	-2.63945
0	-1.50888	0.0081691	-0.999967	-2.57397
0	-1.48915	0.00816974	-0.999967	-2.50849
0	-1.46943	0.00816991	-0.999967	-2.44301
0	-1.4497	0.0081711	-0.999967	-2.37753
0	-1.42998	0.00817182	-0.999967	-2.31205
0	-1.41026	0.00817385	-0.999967	-2.24657
0	-1.39053	0.00817475	-0.999967	-2.18109
0	-1.37081	0.0081766	-0.999967	-2.11561
0	-1.35108	0.00817714	-0.999967	-2.05013
0	-1.33136	0.00817745	-0.999967	-1.98465
0	-1.31164	0.00817801	-0.999967	-1.91917
0	-1.29191	0.00817831	-0.999967	-1.85369
0	-1.27219	0.00817876	-0.999967	-1.78821
0	-1.25247	0.00817928	-0.999967	-1.72273
0	-1.23274	0.00818061	-0.999967	-1.65725
0	-1.21302	0.00818068	-0.999967	-1.59177
0	-1.19329	0.00818094	-0.999967	-1.52629
0	-1.17357	0.00818137	-0.999967	-1.46081
0	-1.15385	0.0081815	-0.999967	-1.39533
0	-1.13412	0.00818153	-0.999967	-1.32985
0	-1.1144	0.00818248	-0.999967	-1.26437
0	-1.09467	0.00818344	-0.999967	-1.19889
0	-1.07495	0.0081838	-0.999967	-1.13341
0	-1.05523	0.00818494	-0.999967	-1.06793
0	-1.0355	0.0081851	-0.999967	-1.00245
0	-1.01578	0.00818697	-0.999966	-0.936973
0	-0.996055	0.00818835	-0.999966	-0.871494
0	-0.976331	0.00818848	-0.999966	-0.806013
0	-0.956607	0.00819059	-0.999966	-0.740534
0	-0.936884	0.00819065	-0.999966	-0.675054
0	-0.91716	0.00819092	-0.999966	-0.609573
0	-0.897436	0.00819128	-0.999966	-0.544093
0	-0.877712	0.00819144	-0.999966	-0.478613
0	-0.857988	0.00819239	-0.999966	-0.413133
0	-0.838264	0.00819412	-0.999966	-0.347653
0	-0.81854	0.00819491	-0.999966	-0.282173
0	-0.798817	0.00819571	-0.999966	-0.216693
0	-0.779093	0.0081968	-0.999966	-0.151213
0	-0.759369	0.00819764	-0.999966	-0.0857335
0	-0.739645	0.0081978	-0.999966	-0.0202534
0	-0.719921	0.00820003	-0.999966	0.0452264
0	-0.700197	0.00820124	-0.999966	0.110706
0	-0.680473	0.00820238	-0.999966	0.176186
0	-0.66075	0.00820246	-0.999966	0.241666
0	-0.641026	0.00820359	-0.999966	0.307146
0	-0.621302	0.00820518	-0.999966	0.372626
0	-0.601578	0.00820518	-0.999966	0.438106
0	-0.581854	0.00820664	-0.999966	0.503586
0	-0.56213	0.00820823	-0.999966	0.569066
0	-0.542406	0.00820906	-0.999966	0.634546
0	-0.522682	0.00820906	-0.999966	0.700026
0	-0.502959	0.00820941	-0.999966	0.765506
0	-0.483235	0.00821017	-0.999966	0.830986
0	-0.463511	0.00821141	-0.999966	0.896466
0	-0.443787	0.00821162	-0.999966	0.961946
0	-0.424063	0.00821384	-0.999966	1.02743
0	-0.404339	0.00821512	-0.999966	1.09291
0	-0.384615	0.00821525	-0.999966	1.15839
0	-0.364892	0.00821676	-0.999966	1.22387
0	-0.345168	0.0082179	-0.999966	1.28935
0	-0.325444	0.00821968	-0.999966	1.35483
0	-0.30572	0.00822012	-0.999966	1.42031
0	-0.285996	0.00822012	-0.999966	1.48579
0	-0.266272	0.00822032	-0.999966	1.55127
0	-0.246548	0.00822119	-0.999966	1.61675
0	-0.226824	0.00822264	-0.999966	1.68223
0	-0.207101	0.00822264	-0.999966	1.74771
0	-0.187377	0.00822398	-0.999966	1.81319
0	-0.167653	0.00822566	-0.999966	1.87867
0	-0.147929	0.00822604	-0.999966	1.94415
0	-0.128205	0.00822614	-0.999966	2.00963
0	-0.108481	0.00822708	-0.999966	2.07511
0	-0.0887574	0.00822708	-0.999966	2.14059
0	-0.0690335	0.00822744	-0.999966	2.20607
0	-0.0493097	0.00822744	-0.999966	2.27155
0	-0.0295858	0.0082281	-0.999966	2.33703
0	-0.00986193	0.00822889	-0.999966	2.40251
0	0.00986193	0.00822967	-0.999966	2.46799
0	0.0295858	0.0082557	-0.999966	2.53346
0	0.0493097	0.00837503	-0.999965	2.59892
0	0.0690335	0.00859397	-0.999963	2.66436
0	0.0887574	0.00891401	-0.99996	2.72978
0	0.108481	0.0093482	-0.999956	2.79518
0	0.128205	0.00990345	-0.999951	2.86056
0	0.147929	0.010602	-0.999944	2.92591
0	0.167653	0.0114588	-0.999934	2.99123
0	0.187377	0.0125077	-0.999922	3.05652
0	0.207101	0.0137816	-0.999905	3.12176
0	0.226824	0.0153246	-0.999883	3.18694
0	0.246548	0.0171929	-0.999852	3.25206
0	0.266272	0.0194512	-0.999811	3.3171
0	0.285996	0.0221882	-0.999754	3.38203
0	0.30572	0.0255169	-0.999674	3.44683
0	0.325444	0.0295711	-0.999563	3.51146
0	0.345168	0.0132716	0.999912	1.29327
0	0.364892	0.00961734	0.999954	1.22708
0	0.384615	0.00681754	0.999977	1.16106
0	0.404339	0.00473493	0.999989	1.09519
0	0.424063	0.00323321	0.999995	1.02943
0	0.443787	0.00218341	0.999998	0.963759
0	0.463511	0.00147462	0.999999	0.898147
0	0.483235	0.00101195	0.999999	0.832581
0	0.502959	0.00072299	1	0.767047
0	0.522682	0.000545189	1	0.701532
0	0.542406	0.000440248	1	0.636031
0	0.56213	0.000376943	1	0.570537
0	0.581854	0.000338826	1	0.505048
0	0.601578	0.000314361	1	0.439561
0	0.621302	0.000295406	1	0.374076
0	0.641026	0.000284874	1	0.308591
0	0.66075	0.000276643	1	0.243108
0	0.680473	0.000266746	1	0.177623
0	0.700197	0.000255042	1	0.112139
0	0.719921	0.000251644	1	0.0466561
0	0.739645	0.000241096	1	-0.0188281
0	0.759369	0.000232441	1	-0.084312
0	0.779093	0.000230794	1	-0.149795
0	0.798817	0.00022273	1	-0.215278
0	0.81854	0.000218148	1	-0.280762
0	0.838264	0.000209224	1	-0.346245
0	0.857988	0.000209062	1	-0.411728
0	0.877712	0.000202432	1	-0.477211
0	0.897436	0.000195958	1	-0.542695
0	0.91716	0.000191559	1	-0.608178
0	0.936884	0.000186769	1	-0.673661
0	0.956607	0.000185928	1	-0.739144
0	0.976331	0.000177647	1	-0.804627
0	0.996055	0.000177647	1	-0.87011
0	1.01578	0.000174881	1	-0.935593
0	1.0355	0.000166641	1	-1.00108
0	1.05523	0.000166536	1	-1.06656
0	1.07495	0.000161039	1	-1.13204
0	1.09467	0.000161039	1	-1.19752
0	1.1144	0.000153745	1	-1.26301
0	1.13412	0.000153745	1	-1.32849
0	1.15385	0.000153627	1	-1.39397
0	1.17357	0.000145368	1	-1.45946
0	1.19329	0.000145368	1	-1.52494
0	1.21302	0.00014461	1	-1.59042
0	1.23274	0.000141931	1	-1.6559
0	1.25247	0.000137422	1	-1.72139
0	1.27219	0.000137422	1	-1.78687
0	1.29191	0.000135211	1	-1.85235
0	1.31164	0.000131932	1	-1.91784
0	1.33136	0.000131932	1	-1.98332
0	1.35108	0.000124298	1	-2.0488
0	1.37081	0.000124298	1	-2.11428
0	1.39053	0.000124298	1	-2.17977
0	1.41026	0.000124298	1	-2.24525
0	1.42998	0.000117074	1	-2.31073
0	1.4497	0.000117074	1	-2.37621
0	1.46943	0.000117074	1	-2.4417
0	1.48915	0.000117074	1	-2.50718
0	1.50888	0.000111548	1	-2.57266
0	1.5286	0.000111548	1	-2.63814
0	1.54832	0.000111548	1	-2.70363
0	1.56805	0.000111548	1	-2.76911
0	1.58777	9.1339e-05	1	-2.83459
0	1.6075	9.1339e-05	1	-2.90008
0	1.62722	9.1339e-05	1	-2.96556
0	1.64694	9.1339e-05	1	-3.03104
0	1.66667	9.1339e-05	1	-3.09652
0	1.68639	9.1339e-05	1	-3.16201
0	1.70611	9.1339e-05	1	-3.22749
0	1.72584	9.1339e-05	1	-3.29297
0	1.74556	9.1339e-05	1	-3.35845
0	1.76529	9.1339e-05	1	-3.42394
0	1.78501	9.1339e-05	1	-3.48942
0	1.80473	9.1339e-05	1	-3.5549
0	1.82446	9.1339e-05	1	-3.62038
0	1.84418	9.1339e-05	1	-3.68587
0	1.86391	9.1339e-05	1	-3.75135
0	1.88363	9.1339e-05	1	-3.81683
0	1.90335	9.1339e-05	1	-3.88231
0	1.92308	9.1339e-05	1	-3.94779
0	1.9428	8.98626e-05	1	-4.01328
0	1.96252	8.98626e-05	1	-4.07876
0	1.98225	8.78801e-05	1	-4.14424
0	2.00197	8.78801e-05	1	-4.20972
0	2.0217	8.75943e-05	1	-4.27521
0	2.04142	8.61779e-05	1	-4.34069
0	2.06114	8.55664e-05	1	-4.40617
0	2.08087	8.53703e-05	1	-4.47165
0	2.10059	8.35925e-05	1	-4.53714
0	2.12032	8.34265e-05	1	-4.60262
0	2.14004	8.27497e-05	1	-4.6681
0	2.15976	8.23448e-05	1	-4.73358
0	2.17949	8.19205e-05	1	-4.79907
0	2.19921	8.03254e-05	1	-4.86455
0	2.21893	7.98442e-05	1	-4.93003
0	2.23866	7.91764e-05	1	-4.99551
0	2.25838	7.82634e-05	1	-5.061
0	2.27811	7.75936e-05	1	-5.12648
0	2.29783	7.75878e-05	1	-5.19196
0	2.31755	7.63166e-05	1	-5.25744
0	2.33728	7.62508e-05	1	-5.32293
0	2.357	7.52884e-05	1	-5.38841
0	2.37673	7.51156e-05	1	-5.45389
0	2.39645	7.40776e-05	1	-5.51937
0	2.41617	7.33398e-05	1	-5.58486
0	2.4359	7.27292e-05	1	-5.65034
0	2.45562	7.17375e-05	1	-5.71582
0	2.47535	7.16377e-05	1	-5.7813
0	2.49507	7.06343e-05	1	-5.84679
0	2.51479	7.03122e-05	1	-5.91227
0	2.53452	7.03122e-05	1	-5.97775
0	2.55424	6.95631e-05	1	-6.04323
0	2.57396	6.95631e-05	1	-6.10871
0	2.59369	6.80961e-05	1	-6.1742
0	2.61341	6.75727e-05	1	-6.23968
0	2.63314	6.75727e-05	1	-6.30516
0	2.65286	6.69677e-05	1	-6.37064
0	2.67258	6.69677e-05	1	-6.43613
0	2.69231	6.69605e-05	1	-6.50161
0	2.71203	6.66289e-05	1	-6.56709
0	2.73176	6.57621e-05	1	-6.63257
0	2.75148	6.50042e-05	1	-6.69806
0	2.7712	6.38001e-05	1	-6.76354
0	2.79093	6.31709e-05	1	-6.82902
0	2.81065	6.31709e-05	1	-6.8945
0	2.83037	6.31201e-05	1	-6.95999
0	2.8501	6.23283e-05	1	-7.02547
0	2.86982	6.23283e-05	1	-7.09095
0	2.88955	6.19753e-05	1	-7.15643
0	2.90927	6.18801e-05	1	-7.22192
0	2.92899	6.18391e-05	1	-7.2874
0	2.94872	6.02815e-05	1	-7.35288
0	2.96844	6.02815e-05	1	-7.41836
0	2.98817	5.95188e-05	1	-7.48385
0	3.00789	5.95188e-05	1	-7.54933
0	3.02761	5.91213e-05	1	-7.61481
0	3.04734	5.90231e-05	1	-7.68029
0	3.06706	5.8972e-05	1	-7.74577
0	3.08679	5.75662e-05	1	-7.81126
0	3.10651	5.71347e-05	1	-7.87674
0	3.12623	5.71347e-05	1	-7.94222
0	3.14596	5.71347e-05	1	-8.0077
0	3.16568	5.71347e-05	1	-8.07319
0	3.1854	5.69629e-05	1	-8.13867
0	3.20513	5.5781e-05	1	-8.20415
0	3.22485	5.5781e-05	1	-8.26963
0	3.24458	5.5781e-05	1	-8.33512
0	3.2643	5.54787e-05	1	-8.4006
0	3.28402	5.45459e-05	1	-8.46608
0	3.30375	5.41679e-05	1	-8.53156
0	3.32347	5.41679e-05	1	-8.59705
0	3.3432	5.34684e-05	1	-8.66253
0	3.36292	5.34684e-05	1	-8.72801
0	3.38264	5.34684e-05	1	-8.79349
0	3.40237	5.34684e-05	1	-8.85898
0	3.42209	5.30874e-05	1	-8.92446
0	3.44181	5.29466e-05	1	-8.98994
0	3.46154	5.23823e-05	1	-9.05542
0	3.48126	5.17584e-05	1	-9.1209
0	3.50099	5.17584e-05	1	-9.18639
0	3.52071	5.17584e-05	1	-9.25187
0	3.54043	5.0616e-05	1	-9.31735
0	3.56016	4.99174e-05	1	-9.38283
0	3.57988	4.99174e-05	1	-9.44832
0	3.59961	4.97112e-05	1	-9.5138
0	3.61933	4.97112e-05	1	-9.57928
0	3.63905	4.96827e-05	1	-9.64476
0	3.65878	4.96827e-05	1	-9.71025
0	3.6785	4.96827e-05	1	-9.77573
0	3.69822	4.87504e-05	1	-9.84121
0	3.71795	4.87432e-05	1	-9.90669
0	3.73767	4.80254e-05	1	-9.97218
0	3.7574	4.79003e-05	1	-10.0377
0	3.77712	4.79003e-05	1	-10.1031
0	3.79684	4.78299e-05	1	-10.1686
0	3.81657	4.69181e-05	1	-10.2341
0	3.83629	4.67571e-05	1	-10.2996
0	3.85602	4.67571e-05	1	-10.3651
0	3.87574	4.6457e-05	1	-10.4306
0	3.89546	4.6457e-05	1	-10.496
0	3.91519	4.6457e-05	1	-10.5615
0	3.93491	4.59873e-05	1	-10.627
0	3.95464	4.59873e-05	1	-10.6925
0	3.97436	4.59873e-05	1	-10.758
0	3.99408	4.5191e-05	1	-10.8234
0	4.01381	4.45932e-05	1	-10.8889
0	4.03353	4.45932e-05	1	-10.9544
0	4.05325	4.43543e-05	1	-11.0199
0	4.07298	4.43543e-05	1	-11.0854
0	4.0927	4.43543e-05	1	-11.1509
0	4.11243	4.43543e-05	1	-11.2163
0	4.13215	4.43543e-05	1	-11.2818
0	4.15187	4.37219e-05	1	-11.3473
0	4.1716	4.36948e-05	1	-11.4128
0	4.19132	4.27869e-05	1	-11.4783
0	4.21105	4.27869e-05	1	-11.5438
0	4.23077	4.25044e-05	1	-11.6092
0	4.25049	4.24145e-05	1	-11.6747
0	4.27022	4.24145e-05	1	-11.7402
0	4.28994	4.22268e-05	1	-11.8057
0	4.30966	4.21924e-05	1	-11.8712
0	4.32939	4.19734e-05	1	-11.9366
0	4.34911	4.19235e-05	1	-12.0021
0	4.36884	4.19235e-05	1	-12.0676
0	4.38856	4.15984e-05	1	-12.1331
0	4.40828	4.14662e-05	1	-12.1986
0	4.42801	4.13843e-05	1	-12.2641
0	4.44773	4.12051e-05	1	-12.3295
0	4.46746	4.12051e-05	1	-12.395
0	4.48718	4.11755e-05	1	-12.4605
0	4.5069	4.07637e-05	1	-12.526
0	4.52663	4.07108e-05	1	-12.5915
0	4.54635	3.96932e-05	1	-12.657
0	4.56607	3.93196e-05	1	-12.7224
0	4.5858	3.91988e-05	1	-12.7879
0	4.60552	3.91988e-05	1	-12.8534
0	4.62525	3.91929e-05	1	-12.9189
0	4.64497	3.91929e-05	1	-12.9844
0	4.66469	3.84867e-05	1	-13.0498
0	4.68442	3.84867e-05	1	-13.1153
0	4.70414	3.8482e-05	1	-13.1808
0	4.72387	3.84723e-05	1	-13.2463
0	4.74359	3.84723e-05	1	-13.3118
0	4.76331	3.82063e-05	1	-13.3773
0	4.78304	3.77483e-05	1	-13.4427
0	4.80276	3.77483e-05	1	-13.5082
0	4.82249	3.77483e-05	1	-13.5737
0	4.84221	3.75595e-05	1	-13.6392
0	4.86193	3.75595e-05	1	-13.7047
0	4.88166	3.74006e-05	1	-13.7702
0	4.90138	3.73768e-05	1	-13.8356
0	4.9211	3.65893e-05	1	-13.9011
0	4.94083	3.65893e-05	1	-13.9666
0	4.96055	3.64324e-05	1	-14.0321
0	4.98028	3.6382e-05	1	-14.0976
0	5	3.6382e-05	1	-14.163
0	5	3.6382e-05	1	-14.163
0	4.98028	3.59238e-05	1	-14.0976
0	4.96055	3.59238e-05	1	-14.0321
0	4.94083	3.57752e-05	1	-13.9666
0	4.9211	3.57752e-05	1	-13.9011
0	4.90138	3.57752e-05	1	-13.8356
0	4.88166	3.57752e-05	1	-13.7702
0	4.86193	3.57752e-05	1	-13.7047
0	4.84221	3.57752e-05	1	-13.6392
0	4.82249	3.57752e-05	1	-13.5737
0	4.80276	3.57752e-05	1	-13.5082
0	4.78304	3.57752e-05	1	-13.4427
0	4.76331	3.57752e-05	1	-13.3773
0	4.74359	3.57752e-05	1	-13.3118
0	4.72387	3.57752e-05	1	-13.2463
0	4.70414	3.57752e-05	1	-13.1808
0	4.68442	3.57752e-05	1	-13.1153
0	4.66469	3.57752e-05	1	-13.0498
0	4.64497	3.57752e-05	1	-12.9844
0	4.62525	3.57752e-05	1	-12.9189
0	4.60552	3.57752e-05	1	-12.8534
0	4.5858	3.57752e-05	1	-12.7879
0	4.56607	3.57752e-05	1	-12.7224
0	4.54635	3.57752e-05	1	-12.657
0	4.52663	3.57752e-05	1	-12.5915
0	4.5069	3.57752e-05	1	-12.526
0	4.48718	3.57752e-05	1	-12.4605
0	4.46746	3.57752e-05	1	-12.395
0	4.44773	3.57752e-05	1	-12.3295
0	4.42801	3.57752e-05	1	-12.2641
0	4.40828	3.57752e-05	1	-12.1986
0	4.38856	3.57752e-05	1	-12.1331
0	4.36884	3.57752e-05	1	-12.0676
0	4.34911	3.57752e-05	1	-12.0021
0	4.32939	3.57752e-05	1	-11.9366
0	4.30966	3.57752e-05	1	-11.8712
0	4.28994	3.57752e-05	1	-11.8057
0	4.27022	3.57752e-05	1	-11.7402
0	4.25049	3.57752e-05	1	-11.6747
0	4.23077	3.57752e-05	1	-11.6092
0	4.21105	3.57752e-05	1	-11.5438
0	4.19132	3.57752e-05	1	-11.4783
0	4.1716	3.57752e-05	1	-11.4128
0	4.15187	3.57752e-05	1	-11.3473
0	4.13215	3.57752e-05	1	-11.2818
0	4.11243	3.57752e-05	1	-11.2163
0	4.0927	3.57752e-05	1	-11.1509
0	4.07298	3.57752e-05	1	-11.0854
0	4.05325	3.57752e-05	1	-11.0199
0	4.03353	3.57752e-05	1	-10.9544
0	4.01381	3.57752e-05	1	-10.8889
0	3.99408	3.57752e-05	1	-10.8234
0	3.97436	3.57752e-05	1	-10.758
0	3.95464	3.57752e-05	1	-10.6925
0	3.93491	3.57752e-05	1	-10.627
0	3.91519	3.57752e-05	1	-10.5615
0	3.89546	3.57752e-05	1	-10.496
0	3.87574	3.57752e-05	1	-10.4306
0	3.85602	3.57752e-05	1	-10.3651
0	3.83629	3.57752e-05	1	-10.2996
0	3.81657	3.57752e-05	1	-10.2341
0	3.79684	3.57752e-05	1	-10.1686
0	3.77712	3.57752e-05	1	-10.1031
0	3.7574	3.57752e-05	1	-10.0377
0	3.73767	3.57752e-05	1	-9.97218
0	3.71795	3.57752e-05	1	-9.9067
0	3.69822	3.57752e-05	1	-9.84121
0	3.6785	3.57752e-05	1	-9.77573
0	3.65878	3.57752e-05	1	-9.71025
0	3.63905	3.57752e-05	1	-9.64477
0	3.61933	3.57752e-05	1	-9.57928
0	3.59961	3.57752e-05	1	-9.5138
0	3.57988	3.57752e-05	1	-9.44832
0	3.56016	3.57752e-05	1	-9.38284
0	3.54043	3.57752e-05	1	-9.31735
0	3.52071	3.57752e-05	1	-9.25187
0	3.50099	3.57752e-05	1	-9.18639
0	3.48126	3.57752e-05	1	-9.12091
0	3.46154	3.57752e-05	1	-9.05543
0	3.44181	3.57752e-05	1	-8.98994
0	3.42209	3.57752e-05	1	-8.92446
0	3.40237	3.57752e-05	1	-8.85898
0	3.38264	3.57752e-05	1	-8.7935
0	3.36292	3.57752e-05	1	-8.72801
0	3.3432	3.57752e-05	1	-8.66253
0	3.32347	3.57752e-05	1	-8.59705
0	3.30375	3.57752e-05	1	-8.53157
0	3.28402	3.57752e-05	1	-8.46608
0	3.2643	3.57752e-05	1	-8.4006
0	3.24458	3.57752e-05	1	-8.33512
0	3.22485	3.57752e-05	1	-8.26964
0	3.20513	3.57752e-05	1	-8.20416
0	3.1854	3.57752e-05	1	-8.13867
0	3.16568	3.57752e-05	1	-8.07319
0	3.14596	3.57752e-05	1	-8.00771
0	3.12623	3.57752e-05	1	-7.94223
0	3.10651	3.57752e-05	1	-7.87674
0	3.08679	3.57752e-05	1	-7.81126
0	3.06706	3.57752e-05	1	-7.74578
0	3.04734	3.57752e-05	1	-7.6803
0	3.02761	3.57752e-05	1	-7.61481
0	3.00789	3.57752e-05	1	-7.54933
0	2.98817	3.57752e-05	1	-7.48385
0	2.96844	3.57752e-05	1	-7.41837
0	2.94872	3.57752e-05	1	-7.35289
0	2.92899	3.57752e-05	1	-7.2874
0	2.90927	3.57752e-05	1	-7.22192
0	2.88955	3.57752e-05	1	-7.15644
0	2.86982	3.57752e-05	1	-7.09096
0	2.8501	3.57752e-05	1	-7.02547
0	2.83037	3.57752e-05	1	-6.95999
0	2.81065	3.57752e-05	1	-6.89451
0	2.79093	3.57752e-05	1	-6.82903
0	2.7712	3.57752e-05	1	-6.76354
0	2.75148	3.57752e-05	1	-6.69806
0	2.73176	3.57752e-05	1	-6.63258
0	2.71203	3.57752e-05	1	-6.5671
0	2.69231	3.57752e-05	1	-6.50161
0	2.67258	3.57752e-05	1	-6.43613
0	2.65286	3.57752e-05	1	-6.37065
0	2.63314	3.57752e-05	1	-6.30517
0	2.61341	3.57752e-05	1	-6.23969
0	2.59369	3.57752e-05	1	-6.1742
0	2.57396	3.57752e-05	1	-6.10872
0	2.55424	3.57752e-05	1	-6.04324
0	2.53452	3.57752e-05	1	-5.97776
0	2.51479	3.57752e-05	1	-5.91227
0	2.49507	3.57752e-05	1	-5.84679
0	2.47535	3.57752e-05	1	-5.78131
0	2.45562	3.57752e-05	1	-5.71583
0	2.4359	3.57752e-05	1	-5.65034
0	2.41617	3.57752e-05	1	-5.58486
0	2.39645	3.57752e-05	1	-5.51938
0	2.37673	3.57752e-05	1	-5.4539
0	2.357	3.57752e-05	1	-5.38842
0	2.33728	3.57752e-05	1	-5.32293
0	2.31755	3.57752e-05	1	-5.25745
0	2.29783	3.57752e-05	1	-5.19197
0	2.27811	3.57752e-05	1	-5.12649
0	2.25838	3.57752e-05	1	-5.061
0	2.23866	3.57752e-05	1	-4.99552
0	2.21893	3.57752e-05	1	-4.93004
0	2.19921	3.57752e-05	1	-4.86456
0	2.17949	3.57752e-05	1	-4.79907
0	2.15976	3.57752e-05	1	-4.73359
0	2.14004	3.57752e-05	1	-4.66811
0	2.12032	3.57752e-05	1	-4.60263
0	2.10059	3.57752e-05	1	-4.53715
0	2.08087	3.57752e-05	1	-4.47166
0	2.06114	3.57752e-05	1	-4.40618
0	2.04142	3.57752e-05	1	-4.3407
0	2.0217	3.57752e-05	1	-4.27522
0	2.00197	3.57752e-05	1	-4.20973
0	1.98225	3.57752e-05	1	-4.14425
0	1.96252	3.57752e-05	1	-4.07877
0	1.9428	3.57752e-05	1	-4.01329
0	1.92308	3.57752e-05	1	-3.9478
0	1.90335	3.57752e-05	1	-3.88232
0	1.88363	3.57752e-05	1	-3.81684
0	1.86391	3.57752e-05	1	-3.75136
0	1.84418	3.57752e-05	1	-3.68588
0	1.82446	3.57752e-05	1	-3.62039
0	1.80473	3.57752e-05	1	-3.55491
0	1.78501	3.57752e-05	1	-3.48943
0	1.76529	3.57752e-05	1	-3.42395
0	1.74556	3.57752e-05	1	-3.35846
0	1.72584	3.57752e-05	1	-3.29298
0	1.70611	3.57752e-05	1	-3.2275
0	1.68639	3.57752e-05	1	-3.16202
0	1.66667	3.57752e-05	1	-3.09653
0	1.64694	3.57752e-05	1	-3.03105
0	1.62722	3.57752e-05	1	-2.96557
0	1.6075	3.57752e-05	1	-2.90009
0	1.58777	3.57752e-05	1	-2.8346
0	1.56805	3.57752e-05	1	-2.76912
0	1.54832	3.57752e-05	1	-2.70364
0	1.5286	3.57752e-05	1	-2.63816
0	1.50888	3.57752e-05	1	-2.57268
0	1.48915	3.57752e-05	1	-2.50719
0	1.46943	3.57752e-05	1	-2.44171
0	1.4497	3.57752e-05	1	-2.37623
0	1.42998	3.57752e-05	1	-2.31075
0	1.41026	3.57752e-05	1	-2.24526
0	1.39053	3.57752e-05	1	-2.17978
0	1.37081	3.57752e-05	1	-2.1143
0	1.35108	3.57752e-05	1	-2.04882
0	1.33136	3.57752e-05	1	-1.98333
0	1.31164	3.57752e-05	1	-1.91785
0	1.29191	3.57752e-05	1	-1.85237
0	1.27219	3.57752e-05	1	-1.78689
0	1.25247	3.57752e-05	1	-1.72141
0	1.23274	3.57752e-05	1	-1.65592
0	1.21302	3.57752e-05	1	-1.59044
0	1.19329	3.57752e-05	1	-1.52496
0	1.17357	3.57752e-05	1	-1.45948
0	1.15385	3.57752e-05	1	-1.39399
0	1.13412	3.57752e-05	1	-1.32851
0	1.1144	3.57752e-05	1	-1.26303
0	1.09467	3.57752e-05	1	-1.19755
0	1.07495	3.57752e-05	1	-1.13206
0	1.05523	3.57752e-05	1	-1.06658
0	1.0355	3.57752e-05	1	-1.0011
0	1.01578	3.57752e-05	1	-0.935617
0	0.996055	3.57752e-05	1	-0.870135
0	0.976331	3.57752e-05	1	-0.804653
0	0.956607	3.57752e-05	1	-0.739171
0	0.936884	3.57752e-05	1	-0.673688
0	0.91716	3.57752e-05	1	-0.608206
0	0.897436	3.57752e-05	1	-0.542724
0	0.877712	3.57752e-05	1	-0.477241
0	0.857988	3.57752e-05	1	-0.411759
0	0.838264	3.57752e-05	1	-0.346277
0	0.81854	3.57752e-05	1	-0.280794
0	0.798817	3.57752e-05	1	-0.215312
0	0.779093	3.57752e-05	1	-0.14983
0	0.759369	3.57752e-05	1	-0.0843473
0	0.739645	3.57752e-05	1	-0.018865
0	0.719921	3.57752e-05	1	0.0466174
0	0.700197	3.57752e-05	1	0.1121
0	0.680473	3.57752e-05	1	0.177582
0	0.66075	3.57752e-05	1	0.243064
0	0.641026	3.57752e-05	1	0.308547
0	0.621302	3.57752e-05	1	0.374029
0	0.601578	3.57752e-05	1	0.439511
0	0.581854	3.57752e-05	1	0.504994
0	0.56213	3.57752e-05	1	0.570476
0	0.542406	3.57752e-05	1	0.635958
0	0.522682	3.57752e-05	1	0.701441
0	0.502959	3.57752e-05	1	0.766923
0	0.483235	3.57752e-05	1	0.832405
0	0.463511	3.57752e-05	1	0.897888
0	0.443787	3.57752e-05	1	0.96337
0	0.424063	3.57752e-05	1	1.02885
0	0.404339	3.57752e-05	1	1.09433
0	0.384615	3.57752e-05	1	1.15982
0	0.364892	3.57752e-05	1	1.2253
0	0.345168	3.57752e-05	1	1.29078
0	0.325444	3.57752e-05	1	1.35626
0	0.30572	3.57752e-05	1	1.42175
0	0.285996	3.57752e-05	1	1.48723
0	0.266272	3.57752e-05	1	1.55271
0	0.246548	3.57752e-05	1	1.61819
0	0.226824	3.57752e-05	1	1.68368
0	0.207101	3.57752e-05	1	1.74916
0	0.187377	3.57752e-05	1	1.81464
0	0.167653	3.57752e-05	1	1.88012
0	0.147929	3.57752e-05	1	1.9456
0	0.128205	3.57752e-05	1	2.01109
0	0.108481	3.57752e-05	1	2.07657
0	0.0887574	3.57752e-05	1	2.14205
0	0.0690335	3.57752e-05	1	2.20753
0	0.0493097	3.57752e-05	1	2.27302
0	0.0295858	3.57752e-05	1	2.3385
0	0.00986193	3.57752e-05	1	2.40398
0	-0.00986193	3.57752e-05	1	2.46946
0	-0.0295858	3.57752e-05	1	2.53495
0	-0.0493097	3.57752e-05	1	2.60043
0	-0.0690335	3.57752e-05	1	2.66591
0	-0.0887574	3.57752e-05	1	2.73139
0	-0.108481	3.57752e-05	1	2.79687
0	-0.128205	3.57752e-05	1	2.86236
0	-0.147929	3.57752e-05	1	2.92784
0	-0.167653	3.57752e-05	1	2.99332
0	-0.187377	3.57752e-05	1	3.0588
0	-0.207101	3.57752e-05	1	3.12429
0	-0.226824	3.57752e-05	1	3.18977
0	-0.246548	3.57752e-05	1	3.25525
0	-0.266272	3.57752e-05	1	3.32073
0	-0.285996	3.57752e-05	1	3.38622
0	-0.30572	3.57752e-05	1	3.4517
0	-0.325444	3.57752e-05	1	3.51718
0	-0.345168	3.57752e-05	1	3.58266
0	-0.364892	3.57752e-05	1	3.64815
0	-0.384615	3.57752e-05	1	3.71363
0	-0.404339	3.57752e-05	1	3.77911
0	-0.424063	3.57752e-05	1	3.84459
0	-0.443787	3.57752e-05	1	3.91007
0	-0.463511	3.57752e-05	1	3.97556
0	-0.483235	3.57752e-05	1	4.04104
0	-0.502959	3.57752e-05	1	4.10652
0	-0.522682	3.57752e-05	1	4.172
0	-0.542406	3.57752e-05	1	4.23749
0	-0.56213	3.57752e-05	1	4.30297
0	-0.581854	3.57752e-05	1	4.36845
0	-0.601578	3.57752e-05	1	4.43393
0	-0.621302	3.57752e-05	1	4.49942
0	-0.641026	3.57752e-05	1	4.5649
0	-0.66075	3.57752e-05	1	4.63038
0	-0.680473	3.57752e-05	1	4.69586
0	-0.700197	3.57752e-05	1	4.76134
0	-0.719921	3.57752e-05	1	4.82683
0	-0.739645	3.57752e-05	1	4.89231
0	-0.759369	3.57752e-05	1	4.95779
0	-0.779093	3.57752e-05	1	5.02327
0	-0.798817	3.57752e-05	1	5.08876
0	-0.81854	3.57752e-05	1	5.15424
0	-0.838264	3.57752e-05	1	5.21972
0	-0.857988	3.57752e-05	1	5.2852
0	-0.877712	3.57752e-05	1	5.35069
0	-0.897436	3.57752e-05	1	5.41617
0	-0.91716	3.57752e-05	1	5.48165
0	-0.936884	3.57752e-05	1	5.54713
0	-0.956607	3.57752e-05	1	5.61261
0	-0.976331	3.57752e-05	1	5.6781
0	-0.996055	3.57752e-05	1	5.74358
0	-1.01578	3.57752e-05	1	5.80906
0	-1.0355	3.57752e-05	1	5.87454
0	-1.05523	3.57752e-05	1	5.94003
0	-1.07495	3.57752e-05	1	6.00551
0	-1.09467	3.57752e-05	1	6.07099
0	-1.1144	3.57752e-05	1	6.13647
0	-1.13412	3.57752e-05	1	6.20196
0	-1.15385	3.57752e-05	1	6.26744
0	-1.17357	3.57752e-05	1	6.33292
0	-1.19329	3.57752e-05	1	6.3984
0	-1.21302	3.57752e-05	1	6.46388
0	-1.23274	3.57752e-05	1	6.52937
0	-1.25247	3.57752e-05	1	6.59485
0	-1.27219	3.57752e-05	1	6.66033
0	-1.29191	3.57752e-05	1	6.72581
0	-1.31164	3.57752e-05	1	6.7913
0	-1.33136	3.57752e-05	1	6.85678
0	-1.35108	3.57752e-05	1	6.92226
0	-1.37081	3.57752e-05	1	6.98774
0	-1.39053	3.57752e-05	1	7.05323
0	-1.41026	3.57752e-05	1	7.11871
0	-1.42998	3.57752e-05	1	7.18419
0	-1.4497	3.57752e-05	1	7.24967
0	-1.46943	3.57752e-05	1	7.31516
0	-1.48915	3.57752e-05	1	7.38064
0	-1.50888	3.57752e-05	1	7.44612
0	-1.5286	3.57752e-05	1	7.5116
0	-1.54832	3.57752e-05	1	7.57708
0	-1.56805	3.57752e-05	1	7.64257
0	-1.58777	3.57752e-05	1	7.70805
0	-1.6075	3.57752e-05	1	7.77353
0	-1.62722	3.57752e-05	1	7.83901
0	-1.64694	3.57752e-05	1	7.9045
0	-1.66667	3.57752e-05	1	7.96998
0	-1.68639	3.57752e-05	1	8.03546
0	-1.70611	3.57752e-05	1	8.10094
0	-1.72584	3.57752e-05	1	8.16643
0	-1.74556	3.57752e-05	1	8.23191
0	-1.76529	3.57752e-05	1	8.29739
0	-1.78501	3.57752e-05	1	8.36287
0	-1.80473	3.57752e-05	1	8.42835
0	-1.82446	3.57752e-05	1	8.49384
0	-1.84418	3.57752e-05	1	8.55932
0	-1.86391	3.57752e-05	1	8.6248
0	-1.88363	3.57752e-05	1	8.69028
0	-1.90335	3.57752e-05	1	8.75577
0	-1.92308	3.57752e-05	1	8.82125
0	-1.9428	3.57752e-05	1	8.88673
0	-1.96252	3.57752e-05	1	8.95221
0	-1.98225	3.57752e-05	1	9.0177
0	-2.00197	3.57752e-05	1	9.08318
0	-2.0217	3.57752e-05	1	9.14866
0	-2.04142	3.57752e-05	1	9.21414
0	-2.06114	3.57752e-05	1	9.27962
0	-2.08087	3.57752e-05	1	9.34511
0	-2.10059	3.57752e-05	1	9.41059
0	-2.12032	3.57752e-05	1	9.47607
0	-2.14004	3.57752e-05	1	9.54155
0	-2.15976	3.57752e-05	1	9.60704
0	-2.17949	3.57752e-05	1	9.67252
0	-2.19921	3.57752e-05	1	9.738
0	-2.21893	3.57752e-05	1	9.80348
0	-2.23866	3.57752e-05	1	9.86897
0	-2.25838	3.57752e-05	1	9.93445
0	-2.27811	3.57752e-05	1	9.99993
0	-2.29783	3.57752e-05	1	10.0654
0	-2.31755	3.57752e-05	1	10.1309
0	-2.33728	3.57752e-05	1	10.1964
0	-2.357	3.57752e-05	1	10.2619
0	-2.37673	3.57752e-05	1	10.3273
0	-2.39645	3.57752e-05	1	10.3928
0	-2.41617	3.57752e-05	1	10.4583
0	-2.4359	3.57752e-05	1	10.5238
0	-2.45562	3.57752e-05	1	10.5893
0	-2.47535	3.57752e-05	1	10.6548
0	-2.49507	3.57752e-05	1	10.7202
0	-2.51479	3.57752e-05	1	10.7857
0	-2.53452	3.57752e-05	1	10.8512
0	-2.55424	3.57752e-05	1	10.9167
0	-2.57396	3.57752e-05	1	10.9822
0	-2.59369	3.57752e-05	1	11.0476
0	-2.61341	3.57752e-05	1	11.1131
0	-2.63314	3.57752e-05	1	11.1786
0	-2.65286	3.57752e-05	1	11.2441
0	-2.67258	3.57752e-05	1	11.3096
0	-2.69231	3.57752e-05	1	11.3751
0	-2.71203	3.57752e-05	1	11.4405
0	-2.73176	3.57752e-05	1	11.506
0	-2.75148	3.57752e-05	1	11.5715
0	-2.7712	3.57752e-05	1	11.637
0	-2.79093	3.57752e-05	1	11.7025
0	-2.81065	3.57752e-05	1	11.768
0	-2.83037	3.57752e-05	1	11.8334
0	-2.8501	3.57752e-05	1	11.8989
0	-2.86982	3.57752e-05	1	11.9644
0	-2.88955	3.57752e-05	1	12.0299
0	-2.90927	3.57752e-05	1	12.0954
0	-2.92899	3.57752e-05	1	12.1608
0	-2.94872	3.57752e-05	1	12.2263
0	-2.96844	3.57752e-05	1	12.2918
0	-2.98817	3.57752e-05	1	12.3573
0	-3.00789	3.57752e-05	1	12.4228
0	-3.02761	3.57752e-05	1	12.4883
0	-3.04734	3.57752e-05	1	12.5537
0	-3.06706	3.57752e-05	1	12.6192
0	-3.08679	3.57752e-05	1	12.6847
0	-3.10651	3.57752e-05	1	12.7502
0	-3.12623	3.57752e-05	1	12.8157
0	-3.14596	3.57752e-05	1	12.8812
0	-3.16568	3.57752e-05	1	12.9466
0	-3.1854	3.57752e-05	1	13.0121
0	-3.20513	3.57752e-05	1	13.0776
0	-3.22485	3.57752e-05	1	13.1431
0	-3.24458	3.57752e-05	1	13.2086
0	-3.2643	3.57752e-05	1	13.274
0	-3.28402	3.57752e-05	1	13.3395
0	-3.30375	3.57752e-05	1	13.405
0	-3.32347	3.57752e-05	1	13.4705
0	-3.3432	3.57752e-05	1	13.536
0	-3.36292	3.57752e-05	1	13.6015
0	-3.38264	3.57752e-05	1	13.6669
0	-3.40237	3.57752e-05	1	13.7324
0	-3.42209	3.57752e-05	1	13.7979
0	-3.44181	3.57752e-05	1	13.8634
0	-3.46154	3.57752e-05	1	13.9289
0	-3.48126	3.57752e-05	1	13.9944
0	-3.50099	3.57752e-05	1	14.0598
0	-3.52071	3.57752e-05	1	14.1253
0	-3.54043	3.57752e-05	1	14.1908
0	-3.56016	3.57752e-05	1	14.2563
0	-3.57988	3.57752e-05	1	14.3218
0	-3.59961	3.57752e-05	1	14.3872
0	-3.61933	3.57752e-05	1	14.4527
0	-3.63905	3.57752e-05	1	14.5182
0	-3.65878	3.57752e-05	1	14.5837
0	-3.6785	3.57752e-05	1	14.6492
0	-3.69822	3.57752e-05	1	14.7147
0	-3.71795	3.57752e-05	1	14.7801
0	-3.73767	3.57752e-05	1	14.8456
0	-3.7574	3.57752e-05	1	14.9111
0	-3.77712	3.57752e-05	1	14.9766
0	-3.79684	3.57752e-05	1	15.0421
0	-3.81657	3.57752e-05	1	15.1076
0	-3.83629	3.57752e-05	1	15.173
0	-3.85602	3.57752e-05	1	15.2385
0	-3.87574	3.57751e-05	1	15.304
0	-3.89546	3.57751e-05	1	15.3695
0	-3.91519	3.57751e-05	1	15.435
0	-3.93491	3.57751e-05	1	15.5004
0	-3.95464	3.57751e-05	1	15.5659
0	-3.97436	3.57751e-05	1	15.6314
0	-3.99408	3.57751e-05	1	15.6969
0	-4.01381	3.57751e-05	1	15.7624
0	-4.03353	3.57751e-05	1	15.8279
0	-4.05325	3.57751e-05	1	15.8933
0	-4.07298	3.57751e-05	1	15.9588
0	-4.0927	3.57751e-05	1	16.0243
0	-4.11243	3.57751e-05	1	16.0898
0	-4.13215	3.57751e-05	1	16.1553
0	-4.15187	3.57751e-05	1	16.2208
0	-4.1716	3.57751e-05	1	16.2862
0	-4.19132	3.57751e-05	1	16.3517
0	-4.21105	3.57751e-05	1	16.4172
0	-4.23077	3.57751e-05	1	16.4827
0	-4.25049	3.57751e-05	1	16.5482
0	-4.27022	3.57751e-05	1	16.6136
0	-4.28994	3.57751e-05	1	16.6791
0	-4.30966	3.57751e-05	1	16.7446
0	-4.32939	3.57751e-05	1	16.8101
0	-4.34911	3.57751e-05	1	16.8756
0	-4.36884	3.57751e-05	1	16.9411
0	-4.38856	3.57751e-05	1	17.0065
0	-4.40828	3.57751e-05	1	17.072
0	-4.42801	3.57751e-05	1	17.1375
0	-4.44773	3.57751e-05	1	17.203
0	-4.46746	3.57751e-05	1	17.2685
0	-4.48718	3.57751e-05	1	17.334
0	-4.5069	3.57751e-05	1	17.3994
0	-4.52663	3.57751e-05	1	17.4649
0	-4.54635	3.57751e-05	1	17.5304
0	-4.56607	3.57751e-05	1	17.5959
0	-4.5858	3.57751e-05	1	17.6614
0	-4.60552	3.57751e-05	1	17.7268
0	-4.62525	3.57751e-05	1	17.7923
0	-4.64497	3.57751e-05	1	17.8578
0	-4.66469	3.57751e-05	1	17.9233
0	-4.68442	3.57751e-05	1	17.9888
0	-4.70414	3.57751e-05	1	18.0543
0	-4.72387	3.57751e-05	1	18.1197
0	-4.74359	3.57751e-05	1	18.1852
0	-4.76331	3.57751e-05	1	18.2507
0	-4.78304	3.57751e-05	1	18.3162
0	-4.80276	3.57751e-05	1	18.3817
0	-4.82249	3.57751e-05	1	18.4471
0	-4.84221	3.57751e-05	1	18.5126
0	-4.86193	3.57751e-05	1	18.5781
0	-4.88166	3.57751e-05	1	18.6436
0	-4.90138	3.57751e-05	1	18.7091
0	-4.9211	3.57751e-05	1	18.7746
0	-4.94083	3.57751e-05	1	18.84
0	-4.96055	3.57751e-05	1	18.9055
0	-4.98028	3.57751e-05	1	18.971
0	-5	3.57751e-05	1	19.0365
