0	-5	0.00187766	-0.999998	-14.0467
0	-4.98028	0.000862342	-1	-13.981
0	-4.96055	0.00035908	-1	-13.9151
0	-4.94083	0.000108966	-1	-13.8493
0	-4.9211	-1.52231e-05	-1	-13.7834
0	-4.90138	-7.55915e-05	-1	-13.7175
0	-4.88166	-0.000105475	-1	-13.6516
0	-4.86193	-0.000120687	-1	-13.5857
0	-4.84221	-0.000128511	-1	-13.5198
0	-4.82249	-0.000132273	-1	-13.4539
0	-4.80276	-0.000134235	-1	-13.3879
0	-4.78304	-0.000136615	-1	-13.322
0	-4.76331	-0.000136973	-1	-13.2561
0	-4.74359	-0.000138854	-1	-13.1902
0	-4.72387	-0.000139313	-1	-13.1243
0	-4.70414	-0.0001401	-1	-13.0584
0	-4.68442	-0.000140204	-1	-12.9925
0	-4.66469	-0.000140332	-1	-12.9266
0	-4.64497	-0.000141532	-1	-12.8607
0	-4.62525	-0.000141633	-1	-12.7948
0	-4.60552	-0.000141716	-1	-12.7288
0	-4.5858	-0.000143004	-1	-12.6629
0	-4.56607	-0.000143086	-1	-12.597
0	-4.54635	-0.000144926	-1	-12.5311
0	-4.52663	-0.000145209	-1	-12.4652
0	-4.5069	-0.00014672	-1	-12.3993
0	-4.48718	-0.000147453	-1	-12.3334
0	-4.46746	-0.000147546	-1	-12.2675
0	-4.44773	-0.000147546	-1	-12.2016
0	-4.42801	-0.000148075	-1	-12.1357
0	-4.40828	-0.000148278	-1	-12.0697
0	-4.38856	-0.000149902	-1	-12.0038
0	-4.36884	-0.000150097	-1	-11.9379
0	-4.34911	-0.000151708	-1	-11.872
0	-4.32939	-0.000151708	-1	-11.8061
0	-4.30966	-0.000152639	-1	-11.7402
0	-4.28994	-0.00015384	-1	-11.6743
0	-4.27022	-0.00015384	-1	-11.6084
0	-4.25049	-0.000154867	-1	-11.5425
0	-4.23077	-0.000155504	-1	-11.4766
0	-4.21105	-0.000156559	-1	-11.4106
0	-4.19132	-0.000157	-1	-11.3447
0	-4.1716	-0.000157664	-1	-11.2788
0	-4.15187	-0.000157664	-1	-11.2129
0	-4.13215	-0.000158199	-1	-11.147
0	-4.11243	-0.000159031	-1	-11.0811
0	-4.0927	-0.000160473	-1	-11.0152
0	-4.07298	-0.000161746	-1	-10.9493
0	-4.05325	-0.000161768	-1	-10.8834
0	-4.03353	-0.000163598	-1	-10.8174
0	-4.01381	-0.000164572	-1	-10.7515
0	-3.99408	-0.000164572	-1	-10.6856
0	-3.97436	-0.000165409	-1	-10.6197
0	-3.95464	-0.000166347	-1	-10.5538
0	-3.93491	-0.000166631	-1	-10.4879
0	-3.91519	-0.000168477	-1	-10.422
0	-3.89546	-0.000168678	-1	-10.3561
0	-3.87574	-0.000169655	-1	-10.2902
0	-3.85602	-0.000171516	-1	-10.2243
0	-3.83629	-0.000172157	-1	-10.1583
0	-3.81657	-0.000172673	-1	-10.0924
0	-3.79684	-0.000174407	-1	-10.0265
0	-3.77712	-0.000174978	-1	-9.96061
0	-3.7574	-0.000176113	-1	-9.8947
0	-3.73767	-0.000176127	-1	-9.82879
0	-3.71795	-0.000176318	-1	-9.76288
0	-3.69822	-0.000177158	-1	-9.69697
0	-3.6785	-0.00017854	-1	-9.63106
0	-3.65878	-0.000180428	-1	-9.56515
0	-3.63905	-0.00018179	-1	-9.49924
0	-3.61933	-0.000182594	-1	-9.43333
0	-3.59961	-0.000184156	-1	-9.36742
0	-3.57988	-0.000184156	-1	-9.30151
0	-3.56016	-0.000185869	-1	-9.2356
0	-3.54043	-0.000187096	-1	-9.16969
0	-3.52071	-0.000187888	-1	-9.10378
0	-3.50099	-0.000189462	-1	-9.03787
0	-3.48126	-0.000190368	-1	-8.97196
0	-3.46154	-0.000190817	-1	-8.90605
0	-3.44181	-0.000191557	-1	-8.84014
0	-3.42209	-0.000193275	-1	-8.77423
0	-3.40237	-0.000194655	-1	-8.70832
0	-3.38264	-0.000194782	-1	-8.64241
0	-3.36292	-0.000195923	-1	-8.5765
0	-3.3432	-0.00019836	-1	-8.51059
0	-3.32347	-0.00019889	-1	-8.44468
0	-3.30375	-0.000200446	-1	-8.37877
0	-3.28402	-0.000201328	-1	-8.31286
0	-3.2643	-0.000202398	-1	-8.24695
0	-3.24458	-0.000203912	-1	-8.18104
0	-3.22485	-0.000204481	-1	-8.11513
0	-3.20513	-0.000206891	-1	-8.04922
0	-3.1854	-0.000207194	-1	-7.98331
0	-3.16568	-0.000207846	-1	-7.9174
0	-3.14596	-0.000209745	-1	-7.85149
0	-3.12623	-0.000211502	-1	-7.78558
0	-3.10651	-0.000213435	-1	-7.71967
0	-3.08679	-0.000213736	-1	-7.65376
0	-3.06706	-0.000214644	-1	-7.58785
0	-3.04734	-0.000215908	-1	-7.52194
0	-3.02761	-0.000217578	-1	-7.45603
0	-3.00789	-0.000219532	-1	-7.39012
0	-2.98817	-0.000220737	-1	-7.32421
0	-2.96844	-0.000222125	-1	-7.2583
0	-2.94872	-0.000224874	-1	-7.19239
0	-2.92899	-0.000225705	-1	-7.12648
0	-2.90927	-0.000228191	-1	-7.06057
0	-2.88955	-0.000229661	-1	-6.99466
0	-2.86982	-0.000231282	-1	-6.92875
0	-2.8501	-0.000232238	-1	-6.86284
0	-2.83037	-0.000233165	-1	-6.79692
0	-2.81065	-0.000235069	-1	-6.73101
0	-2.79093	-0.000237148	-1	-6.6651
0	-2.7712	-0.000238397	-1	-6.59919
0	-2.75148	-0.000241515	-1	-6.53328
0	-2.73176	-0.000242685	-1	-6.46737
0	-2.71203	-0.000244186	-1	-6.40146
0	-2.69231	-0.000245958	-1	-6.33555
0	-2.67258	-0.000248904	-1	-6.26964
0	-2.65286	-0.000250961	-1	-6.20373
0	-2.63314	-0.000252664	-1	-6.13782
0	-2.61341	-0.000253687	-1	-6.07191
0	-2.59369	-0.000256838	-1	-6.006
0	-2.57396	-0.000257954	-1	-5.94009
0	-2.55424	-0.00026019	-1	-5.87418
0	-2.53452	-0.000261825	-1	-5.80827
0	-2.51479	-0.000265256	-1	-5.74236
0	-2.49507	-0.000265634	-1	-5.67645
0	-2.47535	-0.000268541	-1	-5.61054
0	-2.45562	-0.000271051	-1	-5.54463
0	-2.4359	-0.000273839	-1	-5.47872
0	-2.41617	-0.000275605	-1	-5.41281
0	-2.39645	-0.000278052	-1	-5.3469
0	-2.37673	-0.000279079	-1	-5.28099
0	-2.357	-0.000283501	-1	-5.21508
0	-2.33728	-0.000284487	-1	-5.14917
0	-2.31755	-0.000287411	-1	-5.08326
0	-2.29783	-0.000290912	-1	-5.01735
0	-2.27811	-0.000291637	-1	-4.95144
0	-2.25838	-0.000296235	-1	-4.88553
0	-2.23866	-0.000297275	-1	-4.81962
0	-2.21893	-0.000299996	-1	-4.75371
0	-2.19921	-0.000303556	-1	-4.6878
0	-2.17949	-0.000306354	-1	-4.62189
0	-2.15976	-0.000308252	-1	-4.55598
0	-2.14004	-0.00031214	-1	-4.49007
0	-2.12032	-0.000314824	-1	-4.42416
0	-2.10059	-0.000318408	-1	-4.35825
0	-2.08087	-0.000321972	-1	-4.29234
0	-2.06114	-0.000323877	-1	-4.22643
0	-2.04142	-0.000328728	-1	-4.16052
0	-2.0217	-0.000329277	-1	-4.09461
0	-2.00197	-0.000336097	-1	-4.02871
0	-1.98225	-0.000336641	-1	-3.96279
0	-1.96252	-0.000342896	-1	-3.89689
0	-1.9428	-0.000342896	-1	-3.83097
0	-1.92308	-0.000353377	-1	-3.76507
0	-1.90335	-0.000353377	-1	-3.69916
0	-1.88363	-0.000355046	-1	-3.63325
0	-1.86391	-0.000362692	-1	-3.56734
0	-1.84418	-0.000362692	-1	-3.50143
0	-1.82446	-0.000374035	-1	-3.43552
0	-1.80473	-0.000374035	-1	-3.36961
0	-1.78501	-0.000374035	-1	-3.3037
0	-1.76529	-0.000401011	-1	-3.23779
0	-1.74556	-0.000401011	-1	-3.17188
0	-1.72584	-0.000401011	-1	-3.10597
0	-1.70611	-0.000401011	-1	-3.04006
0	-1.68639	-0.000401011	-1	-2.97415
0	-1.66667	-0.000401011	-1	-2.90824
0	-1.64694	-0.000535228	-1	-2.84235
0	-1.62722	-0.000535228	-1	-2.77644
0	-1.6075	-0.000535228	-1	-2.71053
0	-1.58777	-0.000535228	-1	-2.64462
0	-1.56805	-0.000535228	-1	-2.57871
0	-1.54832	-0.000535228	-1	-2.5128
0	-1.5286	-0.000535228	-1	-2.44689
0	-1.50888	-0.000535228	-1	-2.38098
0	-1.48915	-0.000535228	-1	-2.31507
0	-1.46943	-0.000535228	-1	-2.24916
0	-1.4497	-0.000535228	-1	-2.18325
0	-1.42998	-0.000535228	-1	-2.11734
0	-1.41026	-0.000535228	-1	-2.05143
0	-1.39053	-0.000535228	-1	-1.98552
0	-1.37081	-0.000535228	-1	-1.9196
0	-1.35108	-0.000535228	-1	-1.85369
0	-1.33136	-0.000535228	-1	-1.78778
0	-1.31164	-0.000535228	-1	-1.72187
0	-1.29191	-0.000535228	-1	-1.65596
0	-1.27219	-0.000535228	-1	-1.59005
0	-1.25247	-0.000535228	-1	-1.52414
0	-1.23274	-0.000545868	-1	-1.45823
0	-1.21302	-0.00054911	-1	-1.39232
0	-1.19329	-0.000566641	-1	-1.32642
0	-1.17357	-0.000566641	-1	-1.26051
0	-1.15385	-0.000583767	-1	-1.1946
0	-1.13412	-0.000587914	-1	-1.12869
0	-1.1144	-0.000603276	-1	-1.06278
0	-1.09467	-0.000608082	-1	-0.996871
0	-1.07495	-0.000624048	-1	-0.930964
0	-1.05523	-0.000633261	-1	-0.865055
0	-1.0355	-0.000644745	-1	-0.799146
0	-1.01578	-0.000655241	-1	-0.733237
0	-0.996055	-0.000668636	-1	-0.667329
0	-0.976331	-0.000680879	-1	-0.601421
0	-0.956607	-0.000699381	-1	-0.535514
0	-0.936884	-0.00070969	-1	-0.469605
0	-0.91716	-0.000723714	-1	-0.403697
0	-0.897436	-0.000742753	-1	-0.337789
0	-0.877712	-0.000759178	-1	-0.271882
0	-0.857988	-0.000776143	-1	-0.205974
0	-0.838264	-0.000792039	-1	-0.140066
0	-0.81854	-0.000808523	-1	-0.0741586
0	-0.798817	-0.000829396	-1	-0.00825167
0	-0.779093	-0.00084536	-1	0.0576561
0	-0.759369	-0.000865917	-1	0.123563
0	-0.739645	-0.000889701	-1	0.18947
0	-0.719921	-0.000913917	-1	0.255376
0	-0.700197	-0.000934892	-1	0.321283
0	-0.680473	-0.000962029	-1	0.387189
0	-0.66075	-0.000989922	-1	0.453095
0	-0.641026	-0.00101526	-0.999999	0.519001
0	-0.621302	-0.00104329	-0.999999	0.584907
0	-0.601578	-0.00107214	-0.999999	0.650812
0	-0.581854	-0.00110615	-0.999999	0.716717
0	-0.56213	-0.00113859	-0.999999	0.782622
0	-0.542406	-0.00117468	-0.999999	0.848527
0	-0.522682	-0.00121351	-0.999999	0.914431
0	-0.502959	-0.001256	-0.999999	0.980334
0	-0.483235	-0.00130157	-0.999999	1.04624
0	-0.463511	-0.00134579	-0.999999	1.11214
0	-0.443787	-0.00139655	-0.999999	1.17804
0	-0.424063	-0.00145022	-0.999999	1.24394
0	-0.404339	-0.00150851	-0.999999	1.30984
0	-0.384615	-0.00156848	-0.999999	1.37575
0	-0.364892	-0.00163483	-0.999999	1.44164
0	-0.345168	-0.00170517	-0.999999	1.50754
0	-0.325444	-0.00178184	-0.999998	1.57344
0	-0.30572	-0.00186177	-0.999998	1.63934
0	-0.285996	-0.00195349	-0.999998	1.70523
0	-0.266272	-0.00204773	-0.999998	1.77113
0	-0.246548	-0.00215424	-0.999998	1.83702
0	-0.226824	-0.00226698	-0.999997	1.90291
0	-0.207101	-0.00239295	-0.999997	1.9688
0	-0.187377	-0.00253436	-0.999997	2.03469
0	-0.167653	-0.00268813	-0.999996	2.10057
0	-0.147929	-0.00285652	-0.999996	2.16646
0	-0.128205	-0.00303895	-0.999995	2.23234
0	-0.108481	-0.00324659	-0.999995	2.29821
0	-0.0887574	-0.00347481	-0.999994	2.36409
0	-0.0690335	-0.00373119	-0.999993	2.42995
0	-0.0493097	-0.00401416	-0.999992	2.49582
0	-0.0295858	-0.0043361	-0.999991	2.56167
0	-0.00986193	-0.00469793	-0.999989	2.62752
0	0.00986193	-0.00510536	-0.999987	2.69337
0	0.0295858	-0.00556727	-0.999985	2.7592
0	0.0493097	-0.00609452	-0.999981	2.82502
0	0.0690335	-0.00670294	-0.999978	2.89083
0	0.0887574	-0.0073981	-0.999973	2.95662
0	0.108481	-0.00819813	-0.999966	3.0224
0	0.128205	-0.00912875	-0.999958	3.08815
0	0.147929	-0.0102063	-0.999948	3.15388
0	0.167653	-0.0114661	-0.999934	3.21957
0	0.187377	-0.0129461	-0.999916	3.28522
0	0.207101	-0.0146896	-0.999892	3.35082
0	0.226824	-0.0167487	-0.99986	3.41636
0	0.246548	-0.0191994	-0.999816	3.48183
0	0.266272	-0.0221231	-0.999755	3.5472
0	0.285996	-0.0256238	-0.999672	3.61245
0	0.30572	-0.0298377	-0.999555	3.67753
0	0.325444	-0.0112134	0.999937	1.57567
0	0.345168	-0.00781688	0.999969	1.50916
0	0.364892	-0.00514559	0.999987	1.44278
0	0.384615	-0.00310433	0.999995	1.37652
0	0.404339	-0.00160217	0.999999	1.31036
0	0.424063	-0.000534233	1	1.24427
0	0.443787	0.000192371	1	1.17824
0	0.463511	0.000668103	1	1.11225
0	0.483235	0.000952739	1	1.04629
0	0.502959	0.00110933	0.999999	0.980358
0	0.522682	0.00118733	0.999999	0.914435
0	0.542406	0.00121038	0.999999	0.848521
0	0.56213	0.00121042	0.999999	0.782611
0	0.581854	0.00121154	0.999999	0.7167
0	0.601578	0.00121261	0.999999	0.650789
0	0.621302	0.00121397	0.999999	0.584879
0	0.641026	0.00121507	0.999999	0.518968
0	0.66075	0.00121526	0.999999	0.453058
0	0.680473	0.00121531	0.999999	0.387148
0	0.700197	0.00121552	0.999999	0.321237
0	0.719921	0.00121553	0.999999	0.255327
0	0.739645	0.00121589	0.999999	0.189416
0	0.759369	0.00121649	0.999999	0.123506
0	0.779093	0.00121776	0.999999	0.0575955
0	0.798817	0.00121914	0.999999	-0.0083151
0	0.81854	0.00122057	0.999999	-0.0742257
0	0.838264	0.00122165	0.999999	-0.140136
0	0.857988	0.00122229	0.999999	-0.206047
0	0.877712	0.00122425	0.999999	-0.271957
0	0.897436	0.00122483	0.999999	-0.337868
0	0.91716	0.00122588	0.999999	-0.403778
0	0.936884	0.00122716	0.999999	-0.469689
0	0.956607	0.00122829	0.999999	-0.535599
0	0.976331	0.0012296	0.999999	-0.60151
0	0.996055	0.00122992	0.999999	-0.66742
0	1.01578	0.00123171	0.999999	-0.733331
0	1.0355	0.00123289	0.999999	-0.799242
0	1.05523	0.00123458	0.999999	-0.865152
0	1.07495	0.00123518	0.999999	-0.931063
0	1.09467	0.00123571	0.999999	-0.996973
0	1.1144	0.00123582	0.999999	-1.06288
0	1.13412	0.00123721	0.999999	-1.12879
0	1.15385	0.0012382	0.999999	-1.1947
0	1.17357	0.00123895	0.999999	-1.26061
0	1.19329	0.00123973	0.999999	-1.32653
0	1.21302	0.00124088	0.999999	-1.39244
0	1.23274	0.00124209	0.999999	-1.45835
0	1.25247	0.00124241	0.999999	-1.52426
0	1.27219	0.00124308	0.999999	-1.59017
0	1.29191	0.00124404	0.999999	-1.65608
0	1.31164	0.00124539	0.999999	-1.72199
0	1.33136	0.00124699	0.999999	-1.7879
0	1.35108	0.00124796	0.999999	-1.85381
0	1.37081	0.00124892	0.999999	-1.91972
0	1.39053	0.00124969	0.999999	-1.98563
0	1.41026	0.00125079	0.999999	-2.05154
0	1.42998	0.00125247	0.999999	-2.11745
0	1.4497	0.00125247	0.999999	-2.18336
0	1.46943	0.00125347	0.999999	-2.24927
0	1.48915	0.00125431	0.999999	-2.31518
0	1.50888	0.00125546	0.999999	-2.38109
0	1.5286	0.00125648	0.999999	-2.447
0	1.54832	0.0012571	0.999999	-2.51291
0	1.56805	0.00125941	0.999999	-2.57883
0	1.58777	0.00125944	0.999999	-2.64474
0	1.6075	0.00126126	0.999999	-2.71065
0	1.62722	0.00126235	0.999999	-2.77656
0	1.64694	0.00126293	0.999999	-2.84247
0	1.66667	0.00126338	0.999999	-2.90838
0	1.68639	0.00126365	0.999999	-2.97429
0	1.70611	0.00126396	0.999999	-3.0402
0	1.72584	0.00126452	0.999999	-3.10611
0	1.74556	0.00126467	0.999999	-3.17202
0	1.76529	0.00126533	0.999999	-3.23793
0	1.78501	0.00126533	0.999999	-3.30384
0	1.80473	0.00126542	0.999999	-3.36975
0	1.82446	0.00126746	0.999999	-3.43566
0	1.84418	0.00126825	0.999999	-3.50157
0	1.86391	0.00127004	0.999999	-3.56748
0	1.88363	0.0012716	0.999999	-3.63339
0	1.90335	0.00127191	0.999999	-3.6993
0	1.92308	0.00127242	0.999999	-3.76521
0	1.9428	0.00127254	0.999999	-3.83112
0	1.96252	0.00127344	0.999999	-3.89703
0	1.98225	0.00127467	0.999999	-3.96294
0	2.00197	0.00127657	0.999999	-4.02886
0	2.0217	0.00127671	0.999999	-4.09477
0	2.04142	0.0012785	0.999999	-4.16068
0	2.06114	0.00128064	0.999999	-4.22659
0	2.08087	0.00128078	0.999999	-4.2925
0	2.10059	0.00128159	0.999999	-4.35841
0	2.12032	0.00128205	0.999999	-4.42432
0	2.14004	0.00128273	0.999999	-4.49023
0	2.15976	0.00128306	0.999999	-4.55614
0	2.17949	0.00128445	0.999999	-4.62205
0	2.19921	0.00128514	0.999999	-4.68796
0	2.21893	0.00128701	0.999999	-4.75387
0	2.23866	0.00128708	0.999999	-4.81978
0	2.25838	0.00128804	0.999999	-4.88569
0	2.27811	0.00128838	0.999999	-4.9516
0	2.29783	0.00128892	0.999999	-5.01751
0	2.31755	0.00128923	0.999999	-5.08342
0	2.33728	0.0012894	0.999999	-5.14933
0	2.357	0.00129	0.999999	-5.21524
0	2.37673	0.00129149	0.999999	-5.28115
0	2.39645	0.00129234	0.999999	-5.34707
0	2.41617	0.00129364	0.999999	-5.41298
0	2.4359	0.00129406	0.999999	-5.47889
0	2.45562	0.00129472	0.999999	-5.5448
0	2.47535	0.0012966	0.999999	-5.61071
0	2.49507	0.00129756	0.999999	-5.67662
0	2.51479	0.00129774	0.999999	-5.74253
0	2.53452	0.00129812	0.999999	-5.80844
0	2.55424	0.00129999	0.999999	-5.87435
0	2.57396	0.00130122	0.999999	-5.94026
0	2.59369	0.00130236	0.999999	-6.00617
0	2.61341	0.00130299	0.999999	-6.07208
0	2.63314	0.00130299	0.999999	-6.13799
0	2.65286	0.00130377	0.999999	-6.2039
0	2.67258	0.00130436	0.999999	-6.26981
0	2.69231	0.00130642	0.999999	-6.33572
0	2.71203	0.00130796	0.999999	-6.40163
0	2.73176	0.00130844	0.999999	-6.46754
0	2.75148	0.00130875	0.999999	-6.53345
0	2.7712	0.00131016	0.999999	-6.59936
0	2.79093	0.00131153	0.999999	-6.66527
0	2.81065	0.00131278	0.999999	-6.73119
0	2.83037	0.0013151	0.999999	-6.7971
0	2.8501	0.00131541	0.999999	-6.86301
0	2.86982	0.0013155	0.999999	-6.92892
0	2.88955	0.00131685	0.999999	-6.99483
0	2.90927	0.00131758	0.999999	-7.06074
0	2.92899	0.00131762	0.999999	-7.12665
0	2.94872	0.0013189	0.999999	-7.19256
0	2.96844	0.00132036	0.999999	-7.25847
0	2.98817	0.00132147	0.999999	-7.32438
0	3.00789	0.0013216	0.999999	-7.39029
0	3.02761	0.00132192	0.999999	-7.4562
0	3.04734	0.00132244	0.999999	-7.52211
0	3.06706	0.00132257	0.999999	-7.58802
0	3.08679	0.00132265	0.999999	-7.65393
0	3.10651	0.001324	0.999999	-7.71984
0	3.12623	0.00132402	0.999999	-7.78575
0	3.14596	0.00132479	0.999999	-7.85166
0	3.16568	0.0013254	0.999999	-7.91757
0	3.1854	0.00132552	0.999999	-7.98348
0	3.20513	0.00132621	0.999999	-8.04939
0	3.22485	0.0013264	0.999999	-8.1153
0	3.24458	0.00132705	0.999999	-8.18122
0	3.2643	0.00132752	0.999999	-8.24713
0	3.28402	0.0013277	0.999999	-8.31304
0	3.30375	0.00132789	0.999999	-8.37895
0	3.32347	0.00132974	0.999999	-8.44486
0	3.3432	0.00132993	0.999999	-8.51077
0	3.36292	0.00133064	0.999999	-8.57668
0	3.38264	0.00133064	0.999999	-8.64259
0	3.40237	0.00133095	0.999999	-8.7085
0	3.42209	0.00133175	0.999999	-8.77441
0	3.44181	0.00133291	0.999999	-8.84032
0	3.46154	0.00133377	0.999999	-8.90623
0	3.48126	0.00133456	0.999999	-8.97214
0	3.50099	0.00133613	0.999999	-9.03805
0	3.52071	0.00133794	0.999999	-9.10396
0	3.54043	0.00133842	0.999999	-9.16987
0	3.56016	0.00133842	0.999999	-9.23578
0	3.57988	0.00133922	0.999999	-9.30169
0	3.59961	0.00133922	0.999999	-9.3676
0	3.61933	0.00134101	0.999999	-9.43351
0	3.63905	0.00134173	0.999999	-9.49942
0	3.65878	0.00134178	0.999999	-9.56533
0	3.6785	0.00134239	0.999999	-9.63124
0	3.69822	0.00134304	0.999999	-9.69716
0	3.71795	0.00134549	0.999999	-9.76307
0	3.73767	0.00134597	0.999999	-9.82898
0	3.7574	0.00134621	0.999999	-9.89489
0	3.77712	0.00134624	0.999999	-9.9608
0	3.79684	0.00134791	0.999999	-10.0267
0	3.81657	0.00134835	0.999999	-10.0926
0	3.83629	0.0013509	0.999999	-10.1585
0	3.85602	0.00135133	0.999999	-10.2244
0	3.87574	0.00135151	0.999999	-10.2903
0	3.89546	0.00135189	0.999999	-10.3563
0	3.91519	0.00135205	0.999999	-10.4222
0	3.93491	0.00135243	0.999999	-10.4881
0	3.95464	0.00135252	0.999999	-10.554
0	3.97436	0.00135334	0.999999	-10.6199
0	3.99408	0.00135467	0.999999	-10.6858
0	4.01381	0.00135589	0.999999	-10.7517
0	4.03353	0.00135762	0.999999	-10.8176
0	4.05325	0.0013578	0.999999	-10.8835
0	4.07298	0.00135961	0.999999	-10.9495
0	4.0927	0.00136066	0.999999	-11.0154
0	4.11243	0.00136132	0.999999	-11.0813
0	4.13215	0.00136366	0.999999	-11.1472
0	4.15187	0.00136467	0.999999	-11.2131
0	4.1716	0.00136534	0.999999	-11.279
0	4.19132	0.00136545	0.999999	-11.3449
0	4.21105	0.00136563	0.999999	-11.4108
0	4.23077	0.00136569	0.999999	-11.4767
0	4.25049	0.00136605	0.999999	-11.5426
0	4.27022	0.00136635	0.999999	-11.6086
0	4.28994	0.00136645	0.999999	-11.6745
0	4.30966	0.00136652	0.999999	-11.7404
0	4.32939	0.00136844	0.999999	-11.8063
0	4.34911	0.00136844	0.999999	-11.8722
0	4.36884	0.00137033	0.999999	-11.9381
0	4.38856	0.0013709	0.999999	-12.004
0	4.40828	0.00137157	0.999999	-12.0699
0	4.42801	0.00137206	0.999999	-12.1358
0	4.44773	0.00137235	0.999999	-12.2018
0	4.46746	0.00137431	0.999999	-12.2677
0	4.48718	0.00137524	0.999999	-12.3336
0	4.5069	0.00137703	0.999999	-12.3995
0	4.52663	0.0013775	0.999999	-12.4654
0	4.54635	0.00137825	0.999999	-12.5313
0	4.56607	0.001379	0.999999	-12.5972
0	4.5858	0.00137936	0.999999	-12.6631
0	4.60552	0.0013798	0.999999	-12.729
0	4.62525	0.0013803	0.999999	-12.7949
0	4.64497	0.00138034	0.999999	-12.8609
0	4.66469	0.00138069	0.999999	-12.9268
0	4.68442	0.00138143	0.999999	-12.9927
0	4.70414	0.00138285	0.999999	-13.0586
0	4.72387	0.00138356	0.999999	-13.1245
0	4.74359	0.00138409	0.999999	-13.1904
0	4.76331	0.00138593	0.999999	-13.2563
0	4.78304	0.00138741	0.999999	-13.3222
0	4.80276	0.00138773	0.999999	-13.3881
0	4.82249	0.00138869	0.999999	-13.4541
0	4.84221	0.0013895	0.999999	-13.52
0	4.86193	0.00139024	0.999999	-13.5859
0	4.88166	0.00139066	0.999999	-13.6518
0	4.90138	0.00139141	0.999999	-13.7177
0	4.9211	0.00139159	0.999999	-13.7836
0	4.94083	0.00139269	0.999999	-13.8495
0	4.96055	0.00139352	0.999999	-13.9154
0	4.98028	0.00139479	0.999999	-13.9813
0	5	0.00139602	0.999999	-14.0472
0	5	0.00139621	0.999999	-14.0472
0	4.98028	0.00139738	0.999999	-13.9813
0	4.96055	0.00139761	0.999999	-13.9154
0	4.94083	0.00139958	0.999999	-13.8495
0	4.9211	0.0014012	0.999999	-13.7836
0	4.90138	0.00140303	0.999999	-13.7177
0	4.88166	0.00140447	0.999999	-13.6518
0	4.86193	0.00140466	0.999999	-13.5859
0	4.84221	0.00140518	0.999999	-13.52
0	4.82249	0.00140532	0.999999	-13.4541
0	4.80276	0.00140532	0.999999	-13.3881
0	4.78304	0.00140556	0.999999	-13.3222
0	4.76331	0.00140692	0.999999	-13.2563
0	4.74359	0.00140891	0.999999	-13.1904
0	4.72387	0.00140905	0.999999	-13.1245
0	4.70414	0.00140933	0.999999	-13.0586
0	4.68442	0.00140981	0.999999	-12.9927
0	4.66469	0.00141049	0.999999	-12.9268
0	4.64497	0.00141129	0.999999	-12.8609
0	4.62525	0.00141129	0.999999	-12.795
0	4.60552	0.00141374	0.999999	-12.729
0	4.5858	0.00141422	0.999999	-12.6631
0	4.56607	0.00141508	0.999999	-12.5972
0	4.54635	0.00141745	0.999999	-12.5313
0	4.52663	0.0014189	0.999999	-12.4654
0	4.5069	0.00141952	0.999999	-12.3995
0	4.48718	0.00141963	0.999999	-12.3336
0	4.46746	0.00142028	0.999999	-12.2677
0	4.44773	0.00142043	0.999999	-12.2018
0	4.42801	0.00142096	0.999999	-12.1358
0	4.40828	0.00142244	0.999999	-12.0699
0	4.38856	0.00142269	0.999999	-12.004
0	4.36884	0.00142422	0.999999	-11.9381
0	4.34911	0.00142561	0.999999	-11.8722
0	4.32939	0.00142731	0.999999	-11.8063
0	4.30966	0.0014287	0.999999	-11.7404
0	4.28994	0.0014296	0.999999	-11.6745
0	4.27022	0.00143051	0.999999	-11.6086
0	4.25049	0.00143148	0.999999	-11.5427
0	4.23077	0.00143152	0.999999	-11.4767
0	4.21105	0.00143248	0.999999	-11.4108
0	4.19132	0.00143251	0.999999	-11.3449
0	4.1716	0.00143252	0.999999	-11.279
0	4.15187	0.00143309	0.999999	-11.2131
0	4.13215	0.00143339	0.999999	-11.1472
0	4.11243	0.00143415	0.999999	-11.0813
0	4.0927	0.00143459	0.999999	-11.0154
0	4.07298	0.00143603	0.999999	-10.9495
0	4.05325	0.00143799	0.999999	-10.8836
0	4.03353	0.00143932	0.999999	-10.8176
0	4.01381	0.00144101	0.999999	-10.7517
0	3.99408	0.00144272	0.999999	-10.6858
0	3.97436	0.00144335	0.999999	-10.6199
0	3.95464	0.00144335	0.999999	-10.554
0	3.93491	0.00144412	0.999999	-10.4881
0	3.91519	0.00144486	0.999999	-10.4222
0	3.89546	0.00144641	0.999999	-10.3563
0	3.87574	0.00144661	0.999999	-10.2904
0	3.85602	0.00144814	0.999999	-10.2245
0	3.83629	0.00144861	0.999999	-10.1585
0	3.81657	0.00144917	0.999999	-10.0926
0	3.79684	0.00144984	0.999999	-10.0267
0	3.77712	0.00145024	0.999999	-9.96081
0	3.7574	0.00145026	0.999999	-9.8949
0	3.73767	0.00145201	0.999999	-9.82899
0	3.71795	0.00145248	0.999999	-9.76308
0	3.69822	0.00145466	0.999999	-9.69717
0	3.6785	0.00145578	0.999999	-9.63126
0	3.65878	0.00145718	0.999999	-9.56535
0	3.63905	0.00145807	0.999999	-9.49944
0	3.61933	0.00145807	0.999999	-9.43353
0	3.59961	0.00145822	0.999999	-9.36762
0	3.57988	0.00145878	0.999999	-9.30171
0	3.56016	0.00145961	0.999999	-9.2358
0	3.54043	0.00146199	0.999999	-9.16989
0	3.52071	0.0014635	0.999999	-9.10398
0	3.50099	0.0014635	0.999999	-9.03807
0	3.48126	0.001464	0.999999	-8.97216
0	3.46154	0.00146465	0.999999	-8.90625
0	3.44181	0.00146503	0.999999	-8.84034
0	3.42209	0.00146556	0.999999	-8.77443
0	3.40237	0.00146713	0.999999	-8.70852
0	3.38264	0.00146741	0.999999	-8.64261
0	3.36292	0.00146899	0.999999	-8.5767
0	3.3432	0.00147048	0.999999	-8.51079
0	3.32347	0.00147192	0.999999	-8.44488
0	3.30375	0.001472	0.999999	-8.37897
0	3.28402	0.00147252	0.999999	-8.31306
0	3.2643	0.00147261	0.999999	-8.24715
0	3.24458	0.00147484	0.999999	-8.18124
0	3.22485	0.00147546	0.999999	-8.11533
0	3.20513	0.00147753	0.999999	-8.04942
0	3.1854	0.00147769	0.999999	-7.98351
0	3.16568	0.00147769	0.999999	-7.9176
0	3.14596	0.00147878	0.999999	-7.85169
0	3.12623	0.00147884	0.999999	-7.78578
0	3.10651	0.00147928	0.999999	-7.71987
0	3.08679	0.00148091	0.999999	-7.65396
0	3.06706	0.0014811	0.999999	-7.58805
0	3.04734	0.00148252	0.999999	-7.52214
0	3.02761	0.00148305	0.999999	-7.45622
0	3.00789	0.00148438	0.999999	-7.39031
0	2.98817	0.00148445	0.999999	-7.3244
0	2.96844	0.00148445	0.999999	-7.25849
0	2.94872	0.00148591	0.999999	-7.19258
0	2.92899	0.00148641	0.999999	-7.12667
0	2.90927	0.00148672	0.999999	-7.06076
0	2.88955	0.00148712	0.999999	-6.99485
0	2.86982	0.00148783	0.999999	-6.92894
0	2.8501	0.00148845	0.999999	-6.86303
0	2.83037	0.00148854	0.999999	-6.79712
0	2.81065	0.00148892	0.999999	-6.73121
0	2.79093	0.0014897	0.999999	-6.6653
0	2.7712	0.00149091	0.999999	-6.59939
0	2.75148	0.00149223	0.999999	-6.53348
0	2.73176	0.00149376	0.999999	-6.46757
0	2.71203	0.00149591	0.999999	-6.40166
0	2.69231	0.00149619	0.999999	-6.33575
0	2.67258	0.00149786	0.999999	-6.26984
0	2.65286	0.00149833	0.999999	-6.20393
0	2.63314	0.00150004	0.999999	-6.13802
0	2.61341	0.00150004	0.999999	-6.07211
0	2.59369	0.0015006	0.999999	-6.0062
0	2.57396	0.00150129	0.999999	-5.94029
0	2.55424	0.00150203	0.999999	-5.87438
0	2.53452	0.00150211	0.999999	-5.80847
0	2.51479	0.00150251	0.999999	-5.74256
0	2.49507	0.00150284	0.999999	-5.67665
0	2.47535	0.00150351	0.999999	-5.61074
0	2.45562	0.00150516	0.999999	-5.54483
0	2.4359	0.0015053	0.999999	-5.47892
0	2.41617	0.00150626	0.999999	-5.41301
0	2.39645	0.00150691	0.999999	-5.3471
0	2.37673	0.00150836	0.999999	-5.28119
0	2.357	0.00150905	0.999999	-5.21528
0	2.33728	0.00150905	0.999999	-5.14937
0	2.31755	0.00150946	0.999999	-5.08346
0	2.29783	0.00151072	0.999999	-5.01755
0	2.27811	0.00151072	0.999999	-4.95164
0	2.25838	0.00151097	0.999999	-4.88573
0	2.23866	0.00151107	0.999999	-4.81982
0	2.21893	0.00151137	0.999999	-4.75391
0	2.19921	0.00151181	0.999999	-4.688
0	2.17949	0.00151187	0.999999	-4.62209
0	2.15976	0.00151187	0.999999	-4.55617
0	2.14004	0.00151187	0.999999	-4.49026
0	2.12032	0.00151212	0.999999	-4.42435
0	2.10059	0.00151324	0.999999	-4.35844
0	2.08087	0.00151449	0.999999	-4.29253
0	2.06114	0.00151587	0.999999	-4.22662
0	2.04142	0.0015161	0.999999	-4.16071
0	2.0217	0.00151814	0.999999	-4.0948
0	2.00197	0.00151931	0.999999	-4.02889
0	1.98225	0.00151982	0.999999	-3.96298
0	1.96252	0.00152069	0.999999	-3.89707
0	1.9428	0.00152106	0.999999	-3.83116
0	1.92308	0.00152144	0.999999	-3.76525
0	1.90335	0.00152228	0.999999	-3.69934
0	1.88363	0.00152293	0.999999	-3.63343
0	1.86391	0.00152414	0.999999	-3.56752
0	1.84418	0.00152423	0.999999	-3.50161
0	1.82446	0.00152514	0.999999	-3.4357
0	1.80473	0.00152687	0.999999	-3.36979
0	1.78501	0.00152746	0.999999	-3.30388
0	1.76529	0.00152758	0.999999	-3.23797
0	1.74556	0.00152986	0.999999	-3.17206
0	1.72584	0.00152986	0.999999	-3.10615
0	1.70611	0.00153049	0.999999	-3.04024
0	1.68639	0.00153091	0.999999	-2.97433
0	1.66667	0.00153125	0.999999	-2.90842
0	1.64694	0.00153163	0.999999	-2.84251
0	1.62722	0.00153196	0.999999	-2.7766
0	1.6075	0.0015324	0.999999	-2.71069
0	1.58777	0.00153433	0.999999	-2.64478
0	1.56805	0.00153477	0.999999	-2.57887
0	1.54832	0.00153514	0.999999	-2.51296
0	1.5286	0.00153514	0.999999	-2.44705
0	1.50888	0.00153593	0.999999	-2.38114
0	1.48915	0.00153593	0.999999	-2.31523
0	1.46943	0.00153625	0.999999	-2.24932
0	1.4497	0.00153719	0.999999	-2.18341
0	1.42998	0.00153774	0.999999	-2.1175
0	1.41026	0.00153843	0.999999	-2.05159
0	1.39053	0.00153877	0.999999	-1.98568
0	1.37081	0.0015395	0.999999	-1.91977
0	1.35108	0.00154145	0.999999	-1.85386
0	1.33136	0.00154242	0.999999	-1.78795
0	1.31164	0.00154338	0.999999	-1.72204
0	1.29191	0.00154431	0.999999	-1.65613
0	1.27219	0.00154438	0.999999	-1.59022
0	1.25247	0.00154536	0.999999	-1.52431
0	1.23274	0.00154588	0.999999	-1.4584
0	1.21302	0.00154717	0.999999	-1.39248
0	1.19329	0.00154723	0.999999	-1.32657
0	1.17357	0.00154755	0.999999	-1.26066
0	1.15385	0.00154951	0.999999	-1.19475
0	1.13412	0.00155	0.999999	-1.12884
0	1.1144	0.00155003	0.999999	-1.06293
0	1.09467	0.00155132	0.999999	-0.997024
0	1.07495	0.0015526	0.999999	-0.931114
0	1.05523	0.00155282	0.999999	-0.865203
0	1.0355	0.00155458	0.999999	-0.799293
0	1.01578	0.00155476	0.999999	-0.733383
0	0.996055	0.00155637	0.999999	-0.667473
0	0.976331	0.00155749	0.999999	-0.601563
0	0.956607	0.00155977	0.999999	-0.535653
0	0.936884	0.00156024	0.999999	-0.469743
0	0.91716	0.00156108	0.999999	-0.403832
0	0.897436	0.00156207	0.999999	-0.337922
0	0.877712	0.00156225	0.999999	-0.272012
0	0.857988	0.00156342	0.999999	-0.206102
0	0.838264	0.00156398	0.999999	-0.140192
0	0.81854	0.00156442	0.999999	-0.0742813
0	0.798817	0.00156628	0.999999	-0.00837124
0	0.779093	0.00156665	0.999999	0.057539
0	0.759369	0.0015669	0.999999	0.123449
0	0.739645	0.00156733	0.999999	0.18936
0	0.719921	0.00156815	0.999999	0.25527
0	0.700197	0.00156988	0.999999	0.32118
0	0.680473	0.00157034	0.999999	0.38709
0	0.66075	0.0015715	0.999999	0.453
0	0.641026	0.0015727	0.999999	0.51891
0	0.621302	0.00157305	0.999999	0.584821
0	0.601578	0.00157349	0.999999	0.650731
0	0.581854	0.00157482	0.999999	0.716641
0	0.56213	0.00157533	0.999999	0.782551
0	0.542406	0.00157571	0.999999	0.848461
0	0.522682	0.00157589	0.999999	0.914372
0	0.502959	0.00157679	0.999999	0.980282
0	0.483235	0.00157697	0.999999	1.04619
0	0.463511	0.00157769	0.999999	1.1121
0	0.443787	0.00157961	0.999999	1.17801
0	0.424063	0.00158023	0.999999	1.24392
0	0.404339	0.00160006	0.999999	1.30983
0	0.384615	0.00164078	0.999999	1.37573
0	0.364892	0.0016928	0.999999	1.44164
0	0.345168	0.00175221	0.999998	1.50754
0	0.325444	0.0018219	0.999998	1.57343
0	0.30572	0.00190237	0.999998	1.63933
0	0.285996	0.00199035	0.999998	1.70523
0	0.266272	0.00208406	0.999998	1.77112
0	0.246548	0.00218917	0.999998	1.83702
0	0.226824	0.00230483	0.999997	1.90291
0	0.207101	0.00243295	0.999997	1.9688
0	0.187377	0.00257387	0.999997	2.03468
0	0.167653	0.00272844	0.999996	2.10057
0	0.147929	0.00289593	0.999996	2.16645
0	0.128205	0.003082	0.999995	2.23233
0	0.108481	0.00329009	0.999995	2.29821
0	0.0887574	0.00352297	0.999994	2.36408
0	0.0690335	0.00377891	0.999993	2.42995
0	0.0493097	0.00406601	0.999992	2.49581
0	0.0295858	0.00438889	0.99999	2.56167
0	0.00986193	0.00475353	0.999989	2.62752
0	-0.00986193	0.00517178	0.999987	2.69336
0	-0.0295858	0.00564259	0.999984	2.75919
0	-0.0493097	0.00617838	0.999981	2.82501
0	-0.0690335	0.00679158	0.999977	2.89082
0	-0.0887574	0.00749874	0.999972	2.95661
0	-0.108481	0.0083161	0.999965	3.02238
0	-0.128205	0.00925729	0.999957	3.08813
0	-0.147929	0.010354	0.999946	3.15385
0	-0.167653	0.0116362	0.999932	3.21954
0	-0.187377	0.0131371	0.999914	3.28519
0	-0.207101	0.0149048	0.999889	3.35079
0	-0.226824	0.0169958	0.999856	3.41632
0	-0.246548	0.0194795	0.99981	3.48178
0	-0.266272	0.0224426	0.999748	3.54714
0	-0.285996	0.0259972	0.999662	3.61238
0	-0.30572	0.0302739	0.999542	3.67745
0	-0.325444	0.0108801	-0.999941	1.57561
0	-0.345168	0.00757641	-0.999971	1.50912
0	-0.364892	0.00497682	-0.999988	1.44275
0	-0.384615	0.00299364	-0.999996	1.37651
0	-0.404339	0.00153163	-0.999999	1.31035
0	-0.424063	0.000489272	-1	1.24426
0	-0.443787	-0.000219707	-1	1.17824
0	-0.463511	-0.000679212	-1	1.11225
0	-0.483235	-0.000953369	-1	1.04629
0	-0.502959	-0.0011047	-0.999999	0.980359
0	-0.522682	-0.00117386	-0.999999	0.914437
0	-0.542406	-0.00119797	-0.999999	0.848523
0	-0.56213	-0.00119797	-0.999999	0.782613
0	-0.581854	-0.00119797	-0.999999	0.716702
0	-0.601578	-0.00119797	-0.999999	0.650792
0	-0.621302	-0.00119797	-0.999999	0.584882
0	-0.641026	-0.00119797	-0.999999	0.518971
0	-0.66075	-0.00119797	-0.999999	0.453061
0	-0.680473	-0.00119797	-0.999999	0.38715
0	-0.700197	-0.00119797	-0.999999	0.32124
0	-0.719921	-0.00119797	-0.999999	0.25533
0	-0.739645	-0.00119797	-0.999999	0.189419
0	-0.759369	-0.00119797	-0.999999	0.123509
0	-0.779093	-0.00119797	-0.999999	0.0575987
0	-0.798817	-0.00119797	-0.999999	-0.00831166
0	-0.81854	-0.00119797	-0.999999	-0.074222
0	-0.838264	-0.00119797	-0.999999	-0.140132
0	-0.857988	-0.00119797	-0.999999	-0.206043
0	-0.877712	-0.00119797	-0.999999	-0.271953
0	-0.897436	-0.00119797	-0.999999	-0.337863
0	-0.91716	-0.00119797	-0.999999	-0.403774
0	-0.936884	-0.00119797	-0.999999	-0.469684
0	-0.956607	-0.00119797	-0.999999	-0.535595
0	-0.976331	-0.00119797	-0.999999	-0.601505
0	-0.996055	-0.00119797	-0.999999	-0.667415
0	-1.01578	-0.00119797	-0.999999	-0.733326
0	-1.0355	-0.00119797	-0.999999	-0.799236
0	-1.05523	-0.00119797	-0.999999	-0.865146
0	-1.07495	-0.00119797	-0.999999	-0.931057
0	-1.09467	-0.00119797	-0.999999	-0.996967
0	-1.1144	-0.00119797	-0.999999	-1.06288
0	-1.13412	-0.00119797	-0.999999	-1.12879
0	-1.15385	-0.00119797	-0.999999	-1.1947
0	-1.17357	-0.00119797	-0.999999	-1.26061
0	-1.19329	-0.00119797	-0.999999	-1.32652
0	-1.21302	-0.00119797	-0.999999	-1.39243
0	-1.23274	-0.00119797	-0.999999	-1.45834
0	-1.25247	-0.00119797	-0.999999	-1.52425
0	-1.27219	-0.00119797	-0.999999	-1.59016
0	-1.29191	-0.00119797	-0.999999	-1.65607
0	-1.31164	-0.00119797	-0.999999	-1.72198
0	-1.33136	-0.00119797	-0.999999	-1.78789
0	-1.35108	-0.00119797	-0.999999	-1.8538
0	-1.37081	-0.00119797	-0.999999	-1.91971
0	-1.39053	-0.00119797	-0.999999	-1.98562
0	-1.41026	-0.00119797	-0.999999	-2.05153
0	-1.42998	-0.00119797	-0.999999	-2.11744
0	-1.4497	-0.00119797	-0.999999	-2.18335
0	-1.46943	-0.00119797	-0.999999	-2.24926
0	-1.48915	-0.00119797	-0.999999	-2.31517
0	-1.50888	-0.00119797	-0.999999	-2.38108
0	-1.5286	-0.00119797	-0.999999	-2.44699
0	-1.54832	-0.00119797	-0.999999	-2.51291
0	-1.56805	-0.00119797	-0.999999	-2.57882
0	-1.58777	-0.00119797	-0.999999	-2.64473
0	-1.6075	-0.00119797	-0.999999	-2.71064
0	-1.62722	-0.00119797	-0.999999	-2.77655
0	-1.64694	-0.00119797	-0.999999	-2.84246
0	-1.66667	-0.00119797	-0.999999	-2.90837
0	-1.68639	-0.00119797	-0.999999	-2.97428
0	-1.70611	-0.00119797	-0.999999	-3.04019
0	-1.72584	-0.00119797	-0.999999	-3.1061
0	-1.74556	-0.00119797	-0.999999	-3.17201
0	-1.76529	-0.00119797	-0.999999	-3.23792
0	-1.78501	-0.00119797	-0.999999	-3.30383
0	-1.80473	-0.00119797	-0.999999	-3.36974
0	-1.82446	-0.00119797	-0.999999	-3.43565
0	-1.84418	-0.00119797	-0.999999	-3.50156
0	-1.86391	-0.00119797	-0.999999	-3.56747
0	-1.88363	-0.00119797	-0.999999	-3.63338
0	-1.90335	-0.00119797	-0.999999	-3.69929
0	-1.92308	-0.00119797	-0.999999	-3.7652
0	-1.9428	-0.00119797	-0.999999	-3.83111
0	-1.96252	-0.00119797	-0.999999	-3.89702
0	-1.98225	-0.00119797	-0.999999	-3.96293
0	-2.00197	-0.00119797	-0.999999	-4.02884
0	-2.0217	-0.00119797	-0.999999	-4.09475
0	-2.04142	-0.00119797	-0.999999	-4.16066
0	-2.06114	-0.00119797	-0.999999	-4.22657
0	-2.08087	-0.00119797	-0.999999	-4.29248
0	-2.10059	-0.00119797	-0.999999	-4.3584
0	-2.12032	-0.00119797	-0.999999	-4.42431
0	-2.14004	-0.00119797	-0.999999	-4.49022
0	-2.15976	-0.00119797	-0.999999	-4.55613
0	-2.17949	-0.00119797	-0.999999	-4.62204
0	-2.19921	-0.00119797	-0.999999	-4.68795
0	-2.21893	-0.00119797	-0.999999	-4.75386
0	-2.23866	-0.00119797	-0.999999	-4.81977
0	-2.25838	-0.00119797	-0.999999	-4.88568
0	-2.27811	-0.00119797	-0.999999	-4.95159
0	-2.29783	-0.00119797	-0.999999	-5.0175
0	-2.31755	-0.00119797	-0.999999	-5.08341
0	-2.33728	-0.00119797	-0.999999	-5.14932
0	-2.357	-0.00119797	-0.999999	-5.21523
0	-2.37673	-0.00119797	-0.999999	-5.28114
0	-2.39645	-0.00119797	-0.999999	-5.34705
0	-2.41617	-0.00119797	-0.999999	-5.41296
0	-2.4359	-0.00119797	-0.999999	-5.47887
0	-2.45562	-0.00119797	-0.999999	-5.54478
0	-2.47535	-0.00119797	-0.999999	-5.61069
0	-2.49507	-0.00119797	-0.999999	-5.6766
0	-2.51479	-0.00119797	-0.999999	-5.74251
0	-2.53452	-0.00119797	-0.999999	-5.80842
0	-2.55424	-0.00119797	-0.999999	-5.87433
0	-2.57396	-0.00119797	-0.999999	-5.94024
0	-2.59369	-0.00119797	-0.999999	-6.00615
0	-2.61341	-0.00119797	-0.999999	-6.07206
0	-2.63314	-0.00119797	-0.999999	-6.13797
0	-2.65286	-0.00119797	-0.999999	-6.20388
0	-2.67258	-0.00119797	-0.999999	-6.2698
0	-2.69231	-0.00119797	-0.999999	-6.33571
0	-2.71203	-0.00119797	-0.999999	-6.40162
0	-2.73176	-0.00119797	-0.999999	-6.46753
0	-2.75148	-0.00119797	-0.999999	-6.53344
0	-2.7712	-0.00119797	-0.999999	-6.59935
0	-2.79093	-0.00119797	-0.999999	-6.66526
0	-2.81065	-0.00119797	-0.999999	-6.73117
0	-2.83037	-0.00119797	-0.999999	-6.79708
0	-2.8501	-0.00119797	-0.999999	-6.86299
0	-2.86982	-0.00119797	-0.999999	-6.9289
0	-2.88955	-0.00119797	-0.999999	-6.99481
0	-2.90927	-0.00119797	-0.999999	-7.06072
0	-2.92899	-0.00119797	-0.999999	-7.12663
0	-2.94872	-0.00119797	-0.999999	-7.19254
0	-2.96844	-0.00119797	-0.999999	-7.25845
0	-2.98817	-0.00119797	-0.999999	-7.32436
0	-3.00789	-0.00119797	-0.999999	-7.39027
0	-3.02761	-0.00119797	-0.999999	-7.45618
0	-3.04734	-0.00119797	-0.999999	-7.52209
0	-3.06706	-0.00119797	-0.999999	-7.588
0	-3.08679	-0.00119797	-0.999999	-7.65391
0	-3.10651	-0.00119797	-0.999999	-7.71982
0	-3.12623	-0.00119797	-0.999999	-7.78573
0	-3.14596	-0.00119797	-0.999999	-7.85164
0	-3.16568	-0.00119797	-0.999999	-7.91755
0	-3.1854	-0.00119797	-0.999999	-7.98346
0	-3.20513	-0.00119797	-0.999999	-8.04937
0	-3.22485	-0.00119797	-0.999999	-8.11529
0	-3.24458	-0.00119797	-0.999999	-8.1812
0	-3.2643	-0.00119797	-0.999999	-8.24711
0	-3.28402	-0.00119797	-0.999999	-8.31302
0	-3.30375	-0.00119797	-0.999999	-8.37893
0	-3.32347	-0.00119797	-0.999999	-8.44484
0	-3.3432	-0.00119797	-0.999999	-8.51075
0	-3.36292	-0.00119797	-0.999999	-8.57666
0	-3.38264	-0.00119797	-0.999999	-8.64257
0	-3.40237	-0.00119797	-0.999999	-8.70848
0	-3.42209	-0.00119797	-0.999999	-8.77439
0	-3.44181	-0.00119797	-0.999999	-8.8403
0	-3.46154	-0.00119797	-0.999999	-8.90621
0	-3.48126	-0.00119797	-0.999999	-8.97212
0	-3.50099	-0.00119797	-0.999999	-9.03803
0	-3.52071	-0.00119797	-0.999999	-9.10394
0	-3.54043	-0.00119797	-0.999999	-9.16985
0	-3.56016	-0.00119797	-0.999999	-9.23576
0	-3.57988	-0.00119797	-0.999999	-9.30167
0	-3.59961	-0.00119797	-0.999999	-9.36758
0	-3.61933	-0.00119797	-0.999999	-9.43349
0	-3.63905	-0.00119797	-0.999999	-9.4994
0	-3.65878	-0.00119797	-0.999999	-9.56531
0	-3.6785	-0.00119797	-0.999999	-9.63122
0	-3.69822	-0.00119797	-0.999999	-9.69713
0	-3.71795	-0.00119797	-0.999999	-9.76304
0	-3.73767	-0.00119797	-0.999999	-9.82895
0	-3.7574	-0.00119797	-0.999999	-9.89486
0	-3.77712	-0.00119797	-0.999999	-9.96078
0	-3.79684	-0.00119797	-0.999999	-10.0267
0	-3.81657	-0.00119797	-0.999999	-10.0926
0	-3.83629	-0.00119797	-0.999999	-10.1585
0	-3.85602	-0.00119797	-0.999999	-10.2244
0	-3.87574	-0.00119797	-0.999999	-10.2903
0	-3.89546	-0.00119797	-0.999999	-10.3562
0	-3.91519	-0.00119797	-0.999999	-10.4221
0	-3.93491	-0.00119797	-0.999999	-10.4881
0	-3.95464	-0.00119797	-0.999999	-10.554
0	-3.97436	-0.00119797	-0.999999	-10.6199
0	-3.99408	-0.00119797	-0.999999	-10.6858
0	-4.01381	-0.00119797	-0.999999	-10.7517
0	-4.03353	-0.00119797	-0.999999	-10.8176
0	-4.05325	-0.00119797	-0.999999	-10.8835
0	-4.07298	-0.00119797	-0.999999	-10.9494
0	-4.0927	-0.00119797	-0.999999	-11.0153
0	-4.11243	-0.00119797	-0.999999	-11.0813
0	-4.13215	-0.00119797	-0.999999	-11.1472
0	-4.15187	-0.00119797	-0.999999	-11.2131
0	-4.1716	-0.00119797	-0.999999	-11.279
0	-4.19132	-0.00119797	-0.999999	-11.3449
0	-4.21105	-0.00119797	-0.999999	-11.4108
0	-4.23077	-0.00119797	-0.999999	-11.4767
0	-4.25049	-0.00119797	-0.999999	-11.5426
0	-4.27022	-0.00119798	-0.999999	-11.6085
0	-4.28994	-0.00119798	-0.999999	-11.6744
0	-4.30966	-0.00119798	-0.999999	-11.7404
0	-4.32939	-0.00119798	-0.999999	-11.8063
0	-4.34911	-0.00119798	-0.999999	-11.8722
0	-4.36884	-0.00119798	-0.999999	-11.9381
0	-4.38856	-0.00119798	-0.999999	-12.004
0	-4.40828	-0.00119798	-0.999999	-12.0699
0	-4.42801	-0.00119798	-0.999999	-12.1358
0	-4.44773	-0.00119798	-0.999999	-12.2017
0	-4.46746	-0.00119798	-0.999999	-12.2676
0	-4.48718	-0.00119798	-0.999999	-12.3335
0	-4.5069	-0.00119798	-0.999999	-12.3995
0	-4.52663	-0.00119798	-0.999999	-12.4654
0	-4.54635	-0.00119798	-0.999999	-12.5313
0	-4.56607	-0.00119798	-0.999999	-12.5972
0	-4.5858	-0.00119798	-0.999999	-12.6631
0	-4.60552	-0.00119798	-0.999999	-12.729
0	-4.62525	-0.00119798	-0.999999	-12.7949
0	-4.64497	-0.00119798	-0.999999	-12.8608
0	-4.66469	-0.00119798	-0.999999	-12.9267
0	-4.68442	-0.00119798	-0.999999	-12.9927
0	-4.70414	-0.00119798	-0.999999	-13.0586
0	-4.72387	-0.00119798	-0.999999	-13.1245
0	-4.74359	-0.00119798	-0.999999	-13.1904
0	-4.76331	-0.00119798	-0.999999	-13.2563
0	-4.78304	-0.00119798	-0.999999	-13.3222
0	-4.80276	-0.00119798	-0.999999	-13.3881
0	-4.82249	-0.00119798	-0.999999	-13.454
0	-4.84221	-0.00119798	-0.999999	-13.5199
0	-4.86193	-0.00119798	-0.999999	-13.5858
0	-4.88166	-0.00119798	-0.999999	-13.6518
0	-4.90138	-0.00119798	-0.999999	-13.7177
0	-4.9211	-0.00119798	-0.999999	-13.7836
0	-4.94083	-0.00119798	-0.999999	-13.8495
0	-4.96055	-0.00119798	-0.999999	-13.9154
0	-4.98028	-0.00119798	-0.999999	-13.9813
0	-5	-0.00119798	-0.999999	-14.0472
