0	-5	0.0102881	-0.999947	-14.164
0	-4.98028	0.0102889	-0.999947	-14.0985
0	-4.96055	0.0102889	-0.999947	-14.0331
0	-4.94083	0.0102896	-0.999947	-13.9676
0	-4.9211	0.0102896	-0.999947	-13.9021
0	-4.90138	0.0102901	-0.999947	-13.8366
0	-4.88166	0.0102915	-0.999947	-13.7711
0	-4.86193	0.0102915	-0.999947	-13.7057
0	-4.84221	0.0102918	-0.999947	-13.6402
0	-4.82249	0.0102918	-0.999947	-13.5747
0	-4.80276	0.0102921	-0.999947	-13.5092
0	-4.78304	0.0102924	-0.999947	-13.4437
0	-4.76331	0.0102929	-0.999947	-13.3783
0	-4.74359	0.0102934	-0.999947	-13.3128
0	-4.72387	0.0102941	-0.999947	-13.2473
0	-4.70414	0.0102941	-0.999947	-13.1818
0	-4.68442	0.0102951	-0.999947	-13.1163
0	-4.66469	0.0102953	-0.999947	-13.0509
0	-4.64497	0.0102973	-0.999947	-12.9854
0	-4.62525	0.0102973	-0.999947	-12.9199
0	-4.60552	0.0102978	-0.999947	-12.8544
0	-4.5858	0.0102992	-0.999947	-12.789
0	-4.56607	0.0102996	-0.999947	-12.7235
0	-4.54635	0.0103003	-0.999947	-12.658
0	-4.52663	0.0103012	-0.999947	-12.5925
0	-4.5069	0.0103012	-0.999947	-12.527
0	-4.48718	0.0103012	-0.999947	-12.4616
0	-4.46746	0.0103032	-0.999947	-12.3961
0	-4.44773	0.010304	-0.999947	-12.3306
0	-4.42801	0.0103049	-0.999947	-12.2651
0	-4.40828	0.0103054	-0.999947	-12.1996
0	-4.38856	0.0103065	-0.999947	-12.1342
0	-4.36884	0.0103067	-0.999947	-12.0687
0	-4.34911	0.0103067	-0.999947	-12.0032
0	-4.32939	0.0103071	-0.999947	-11.9377
0	-4.30966	0.0103081	-0.999947	-11.8723
0	-4.28994	0.0103104	-0.999947	-11.8068
0	-4.27022	0.010312	-0.999947	-11.7413
0	-4.25049	0.0103128	-0.999947	-11.6758
0	-4.23077	0.0103128	-0.999947	-11.6103
0	-4.21105	0.0103131	-0.999947	-11.5449
0	-4.19132	0.0103137	-0.999947	-11.4794
0	-4.1716	0.0103141	-0.999947	-11.4139
0	-4.15187	0.0103145	-0.999947	-11.3484
0	-4.13215	0.0103151	-0.999947	-11.2829
0	-4.11243	0.0103163	-0.999947	-11.2175
0	-4.0927	0.0103163	-0.999947	-11.152
0	-4.07298	0.0103174	-0.999947	-11.0865
0	-4.05325	0.0103177	-0.999947	-11.021
0	-4.03353	0.0103177	-0.999947	-10.9555
0	-4.01381	0.0103192	-0.999947	-10.8901
0	-3.99408	0.0103194	-0.999947	-10.8246
0	-3.97436	0.0103199	-0.999947	-10.7591
0	-3.95464	0.0103207	-0.999947	-10.6936
0	-3.93491	0.0103213	-0.999947	-10.6282
0	-3.91519	0.0103213	-0.999947	-10.5627
0	-3.89546	0.0103214	-0.999947	-10.4972
0	-3.87574	0.0103233	-0.999947	-10.4317
0	-3.85602	0.0103239	-0.999947	-10.3662
0	-3.83629	0.0103257	-0.999947	-10.3008
0	-3.81657	0.010327	-0.999947	-10.2353
0	-3.79684	0.0103284	-0.999947	-10.1698
0	-3.77712	0.0103287	-0.999947	-10.1043
0	-3.7574	0.0103289	-0.999947	-10.0388
0	-3.73767	0.0103291	-0.999947	-9.97337
0	-3.71795	0.0103309	-0.999947	-9.90789
0	-3.69822	0.0103312	-0.999947	-9.84241
0	-3.6785	0.0103315	-0.999947	-9.77693
0	-3.65878	0.0103321	-0.999947	-9.71145
0	-3.63905	0.0103334	-0.999947	-9.64597
0	-3.61933	0.010334	-0.999947	-9.58049
0	-3.59961	0.010335	-0.999947	-9.51501
0	-3.57988	0.0103365	-0.999947	-9.44954
0	-3.56016	0.0103365	-0.999947	-9.38406
0	-3.54043	0.0103371	-0.999947	-9.31858
0	-3.52071	0.0103385	-0.999947	-9.2531
0	-3.50099	0.0103395	-0.999947	-9.18762
0	-3.48126	0.0103402	-0.999947	-9.12214
0	-3.46154	0.0103405	-0.999947	-9.05666
0	-3.44181	0.0103405	-0.999947	-8.99118
0	-3.42209	0.0103406	-0.999947	-8.92571
0	-3.40237	0.0103411	-0.999947	-8.86023
0	-3.38264	0.0103428	-0.999947	-8.79475
0	-3.36292	0.0103441	-0.999946	-8.72927
0	-3.3432	0.0103458	-0.999946	-8.66379
0	-3.32347	0.0103458	-0.999946	-8.59831
0	-3.30375	0.0103475	-0.999946	-8.53283
0	-3.28402	0.0103484	-0.999946	-8.46735
0	-3.2643	0.0103487	-0.999946	-8.40188
0	-3.24458	0.0103488	-0.999946	-8.3364
0	-3.22485	0.0103492	-0.999946	-8.27092
0	-3.20513	0.0103495	-0.999946	-8.20544
0	-3.1854	0.0103507	-0.999946	-8.13996
0	-3.16568	0.0103513	-0.999946	-8.07448
0	-3.14596	0.0103532	-0.999946	-8.009
0	-3.12623	0.0103532	-0.999946	-7.94352
0	-3.10651	0.0103546	-0.999946	-7.87805
0	-3.08679	0.0103552	-0.999946	-7.81257
0	-3.06706	0.0103552	-0.999946	-7.74709
0	-3.04734	0.0103563	-0.999946	-7.68161
0	-3.02761	0.0103572	-0.999946	-7.61613
0	-3.00789	0.0103579	-0.999946	-7.55065
0	-2.98817	0.0103583	-0.999946	-7.48517
0	-2.96844	0.0103599	-0.999946	-7.41969
0	-2.94872	0.0103612	-0.999946	-7.35422
0	-2.92899	0.0103612	-0.999946	-7.28874
0	-2.90927	0.0103618	-0.999946	-7.22326
0	-2.88955	0.0103621	-0.999946	-7.15778
0	-2.86982	0.0103636	-0.999946	-7.0923
0	-2.8501	0.0103636	-0.999946	-7.02682
0	-2.83037	0.010364	-0.999946	-6.96134
0	-2.81065	0.0103643	-0.999946	-6.89586
0	-2.79093	0.0103656	-0.999946	-6.83039
0	-2.7712	0.0103669	-0.999946	-6.76491
0	-2.75148	0.0103671	-0.999946	-6.69943
0	-2.73176	0.010368	-0.999946	-6.63395
0	-2.71203	0.0103688	-0.999946	-6.56847
0	-2.69231	0.0103688	-0.999946	-6.50299
0	-2.67258	0.0103701	-0.999946	-6.43751
0	-2.65286	0.0103709	-0.999946	-6.37203
0	-2.63314	0.0103714	-0.999946	-6.30656
0	-2.61341	0.0103737	-0.999946	-6.24108
0	-2.59369	0.0103743	-0.999946	-6.1756
0	-2.57396	0.010375	-0.999946	-6.11012
0	-2.55424	0.0103751	-0.999946	-6.04464
0	-2.53452	0.0103762	-0.999946	-5.97916
0	-2.51479	0.0103762	-0.999946	-5.91368
0	-2.49507	0.0103769	-0.999946	-5.8482
0	-2.47535	0.0103775	-0.999946	-5.78273
0	-2.45562	0.010379	-0.999946	-5.71725
0	-2.4359	0.0103799	-0.999946	-5.65177
0	-2.41617	0.0103808	-0.999946	-5.58629
0	-2.39645	0.0103822	-0.999946	-5.52081
0	-2.37673	0.0103829	-0.999946	-5.45533
0	-2.357	0.0103836	-0.999946	-5.38985
0	-2.33728	0.0103854	-0.999946	-5.32437
0	-2.31755	0.0103855	-0.999946	-5.2589
0	-2.29783	0.0103856	-0.999946	-5.19342
0	-2.27811	0.0103858	-0.999946	-5.12794
0	-2.25838	0.0103879	-0.999946	-5.06246
0	-2.23866	0.0103888	-0.999946	-4.99698
0	-2.21893	0.0103896	-0.999946	-4.9315
0	-2.19921	0.0103898	-0.999946	-4.86602
0	-2.17949	0.0103911	-0.999946	-4.80055
0	-2.15976	0.0103933	-0.999946	-4.73507
0	-2.14004	0.010394	-0.999946	-4.66959
0	-2.12032	0.010394	-0.999946	-4.60411
0	-2.10059	0.0103952	-0.999946	-4.53863
0	-2.08087	0.010396	-0.999946	-4.47315
0	-2.06114	0.0103969	-0.999946	-4.40767
0	-2.04142	0.0103986	-0.999946	-4.34219
0	-2.0217	0.0104001	-0.999946	-4.27672
0	-2.00197	0.0104006	-0.999946	-4.21124
0	-1.98225	0.0104021	-0.999946	-4.14576
0	-1.96252	0.0104021	-0.999946	-4.08028
0	-1.9428	0.0104034	-0.999946	-4.0148
0	-1.92308	0.0104039	-0.999946	-3.94932
0	-1.90335	0.0104039	-0.999946	-3.88384
0	-1.88363	0.0104046	-0.999946	-3.81836
0	-1.86391	0.0104046	-0.999946	-3.75289
0	-1.84418	0.0104057	-0.999946	-3.68741
0	-1.82446	0.0104073	-0.999946	-3.62193
0	-1.80473	0.0104075	-0.999946	-3.55645
0	-1.78501	0.0104078	-0.999946	-3.49097
0	-1.76529	0.0104091	-0.999946	-3.42549
0	-1.74556	0.0104112	-0.999946	-3.36001
0	-1.72584	0.0104115	-0.999946	-3.29454
0	-1.70611	0.0104119	-0.999946	-3.22906
0	-1.68639	0.0104129	-0.999946	-3.16358
0	-1.66667	0.0104129	-0.999946	-3.0981
0	-1.64694	0.0104139	-0.999946	-3.03262
0	-1.62722	0.010415	-0.999946	-2.96714
0	-1.6075	0.0104162	-0.999946	-2.90166
0	-1.58777	0.0104167	-0.999946	-2.83618
0	-1.56805	0.0104178	-0.999946	-2.77071
0	-1.54832	0.0104186	-0.999946	-2.70523
0	-1.5286	0.0104189	-0.999946	-2.63975
0	-1.50888	0.0104189	-0.999946	-2.57427
0	-1.48915	0.0104193	-0.999946	-2.50879
0	-1.46943	0.0104196	-0.999946	-2.44331
0	-1.4497	0.0104199	-0.999946	-2.37783
0	-1.42998	0.0104203	-0.999946	-2.31235
0	-1.41026	0.0104205	-0.999946	-2.24688
0	-1.39053	0.0104229	-0.999946	-2.1814
0	-1.37081	0.0104241	-0.999946	-2.11592
0	-1.35108	0.0104242	-0.999946	-2.05044
0	-1.33136	0.0104262	-0.999946	-1.98496
0	-1.31164	0.010427	-0.999946	-1.91948
0	-1.29191	0.0104289	-0.999946	-1.854
0	-1.27219	0.0104293	-0.999946	-1.78853
0	-1.25247	0.0104301	-0.999946	-1.72305
0	-1.23274	0.0104304	-0.999946	-1.65757
0	-1.21302	0.0104305	-0.999946	-1.59209
0	-1.19329	0.0104318	-0.999946	-1.52661
0	-1.17357	0.0104327	-0.999946	-1.46113
0	-1.15385	0.0104328	-0.999946	-1.39565
0	-1.13412	0.0104329	-0.999946	-1.33018
0	-1.1144	0.0104348	-0.999946	-1.2647
0	-1.09467	0.0104352	-0.999946	-1.19922
0	-1.07495	0.0104359	-0.999946	-1.13374
0	-1.05523	0.0104362	-0.999946	-1.06826
0	-1.0355	0.0104371	-0.999946	-1.00278
0	-1.01578	0.0104381	-0.999946	-0.937303
0	-0.996055	0.0104391	-0.999946	-0.871825
0	-0.976331	0.0104391	-0.999946	-0.806346
0	-0.956607	0.0104391	-0.999946	-0.740867
0	-0.936884	0.0104402	-0.999945	-0.675389
0	-0.91716	0.0104404	-0.999945	-0.60991
0	-0.897436	0.0104424	-0.999945	-0.544432
0	-0.877712	0.0104424	-0.999945	-0.478953
0	-0.857988	0.0104439	-0.999945	-0.413474
0	-0.838264	0.010445	-0.999945	-0.347996
0	-0.81854	0.0104451	-0.999945	-0.282517
0	-0.798817	0.0104456	-0.999945	-0.217038
0	-0.779093	0.0104469	-0.999945	-0.15156
0	-0.759369	0.0104481	-0.999945	-0.0860811
0	-0.739645	0.0104484	-0.999945	-0.0206024
0	-0.719921	0.0104494	-0.999945	0.0448762
0	-0.700197	0.0104508	-0.999945	0.110355
0	-0.680473	0.0104527	-0.999945	0.175833
0	-0.66075	0.0104536	-0.999945	0.241312
0	-0.641026	0.010455	-0.999945	0.30679
0	-0.621302	0.0104556	-0.999945	0.372269
0	-0.601578	0.010456	-0.999945	0.437748
0	-0.581854	0.010456	-0.999945	0.503226
0	-0.56213	0.0104576	-0.999945	0.568705
0	-0.542406	0.0104588	-0.999945	0.634183
0	-0.522682	0.0104591	-0.999945	0.699662
0	-0.502959	0.0104591	-0.999945	0.765141
0	-0.483235	0.0104601	-0.999945	0.830619
0	-0.463511	0.0104618	-0.999945	0.896098
0	-0.443787	0.0104619	-0.999945	0.961577
0	-0.424063	0.0104639	-0.999945	1.02706
0	-0.404339	0.0104642	-0.999945	1.09253
0	-0.384615	0.0104657	-0.999945	1.15801
0	-0.364892	0.0104662	-0.999945	1.22349
0	-0.345168	0.0104662	-0.999945	1.28897
0	-0.325444	0.0104673	-0.999945	1.35445
0	-0.30572	0.0104674	-0.999945	1.41993
0	-0.285996	0.0104681	-0.999945	1.48541
0	-0.266272	0.0104683	-0.999945	1.55088
0	-0.246548	0.0104692	-0.999945	1.61636
0	-0.226824	0.0104693	-0.999945	1.68184
0	-0.207101	0.0104705	-0.999945	1.74732
0	-0.187377	0.0104723	-0.999945	1.8128
0	-0.167653	0.0104735	-0.999945	1.87828
0	-0.147929	0.0104741	-0.999945	1.94376
0	-0.128205	0.010476	-0.999945	2.00923
0	-0.108481	0.0104773	-0.999945	2.07471
0	-0.0887574	0.0104785	-0.999945	2.14019
0	-0.0690335	0.010479	-0.999945	2.20567
0	-0.0493097	0.0104801	-0.999945	2.27115
0	-0.0295858	0.0104823	-0.999945	2.33663
0	-0.00986193	0.0104838	-0.999945	2.4021
0	0.00986193	0.0104843	-0.999945	2.46758
0	0.0295858	0.010545	-0.999944	2.53305
0	0.0493097	0.0107269	-0.999942	2.5985
0	0.0690335	0.0110338	-0.999939	2.66392
0	0.0887574	0.0114712	-0.999934	2.72932
0	0.108481	0.0120535	-0.999927	2.79469
0	0.128205	0.0127976	-0.999918	2.86003
0	0.147929	0.0137238	-0.999906	2.92534
0	0.167653	0.0148608	-0.99989	2.99061
0	0.187377	0.0162473	-0.999868	3.05582
0	0.207101	0.0179288	-0.999839	3.12098
0	0.226824	0.0199609	-0.999801	3.18606
0	0.246548	0.0224208	-0.999749	3.25105
0	0.266272	0.0253945	-0.999678	3.31593
0	0.285996	0.0289968	-0.99958	3.38067
0	0.30572	0.0333758	-0.999443	3.44522
0	0.325444	0.0127622	0.999919	1.35864
0	0.345168	0.00949904	0.999955	1.29253
0	0.364892	0.00691964	0.999976	1.22656
0	0.384615	0.00494634	0.999988	1.16071
0	0.404339	0.00347712	0.999994	1.09496
0	0.424063	0.00241653	0.999997	1.02928
0	0.443787	0.0016693	0.999999	0.963665
0	0.463511	0.00116388	0.999999	0.898091
0	0.483235	0.000836141	1	0.832549
0	0.502959	0.000624643	1	0.767029
0	0.522682	0.000492404	1	0.701523
0	0.542406	0.000411603	1	0.636026
0	0.56213	0.00036532	1	0.570535
0	0.581854	0.000334734	1	0.505047
0	0.601578	0.000313441	1	0.439561
0	0.621302	0.000298042	1	0.374076
0	0.641026	0.000284944	1	0.308591
0	0.66075	0.000273097	1	0.243107
0	0.680473	0.000264063	1	0.177623
0	0.700197	0.000258786	1	0.11214
0	0.719921	0.000247285	1	0.0466553
0	0.739645	0.000244336	1	-0.0188275
0	0.759369	0.000237522	1	-0.0843111
0	0.779093	0.00022628	1	-0.149795
0	0.798817	0.000222818	1	-0.215278
0	0.81854	0.000215551	1	-0.280762
0	0.838264	0.000212946	1	-0.346245
0	0.857988	0.00020781	1	-0.411728
0	0.877712	0.000198858	1	-0.477212
0	0.897436	0.000195745	1	-0.542695
0	0.91716	0.000195739	1	-0.608177
0	0.936884	0.000184573	1	-0.673661
0	0.956607	0.000184573	1	-0.739144
0	0.976331	0.000180236	1	-0.804627
0	0.996055	0.000174265	1	-0.87011
0	1.01578	0.000173924	1	-0.935593
0	1.0355	0.000170083	1	-1.00108
0	1.05523	0.000166946	1	-1.06656
0	1.07495	0.000160943	1	-1.13204
0	1.09467	0.000160781	1	-1.19752
0	1.1144	0.000159925	1	-1.26301
0	1.13412	0.000150825	1	-1.32849
0	1.15385	0.000150825	1	-1.39397
0	1.17357	0.000150106	1	-1.45946
0	1.19329	0.000145772	1	-1.52494
0	1.21302	0.000144165	1	-1.59042
0	1.23274	0.000143365	1	-1.6559
0	1.25247	0.000138673	1	-1.72139
0	1.27219	0.000138673	1	-1.78687
0	1.29191	0.000134193	1	-1.85235
0	1.31164	0.000134193	1	-1.91783
0	1.33136	0.000125447	1	-1.98332
0	1.35108	0.000125447	1	-2.0488
0	1.37081	0.000125447	1	-2.11428
0	1.39053	0.000125447	1	-2.17977
0	1.41026	0.000121702	1	-2.24525
0	1.42998	0.000121702	1	-2.31073
0	1.4497	0.000118539	1	-2.37621
0	1.46943	0.000118539	1	-2.4417
0	1.48915	0.000115722	1	-2.50718
0	1.50888	0.000115722	1	-2.57266
0	1.5286	0.000106543	1	-2.63815
0	1.54832	0.000106543	1	-2.70363
0	1.56805	0.000106543	1	-2.76911
0	1.58777	0.000106543	1	-2.83459
0	1.6075	0.000106543	1	-2.90007
0	1.62722	0.000106543	1	-2.96556
0	1.64694	0.000106543	1	-3.03104
0	1.66667	5.64428e-05	1	-3.09653
0	1.68639	5.64428e-05	1	-3.16201
0	1.70611	5.64428e-05	1	-3.2275
0	1.72584	5.64428e-05	1	-3.29298
0	1.74556	5.64428e-05	1	-3.35846
0	1.76529	5.64428e-05	1	-3.42394
0	1.78501	5.64428e-05	1	-3.48942
0	1.80473	5.64428e-05	1	-3.55491
0	1.82446	5.64428e-05	1	-3.62039
0	1.84418	5.64428e-05	1	-3.68587
0	1.86391	5.64428e-05	1	-3.75135
0	1.88363	5.64428e-05	1	-3.81684
0	1.90335	5.64428e-05	1	-3.88232
0	1.92308	5.64428e-05	1	-3.9478
0	1.9428	5.64428e-05	1	-4.01328
0	1.96252	5.64428e-05	1	-4.07877
0	1.98225	5.64428e-05	1	-4.14425
0	2.00197	5.64428e-05	1	-4.20973
0	2.0217	5.64428e-05	1	-4.27521
0	2.04142	5.64428e-05	1	-4.34069
0	2.06114	5.64428e-05	1	-4.40618
0	2.08087	5.64428e-05	1	-4.47166
0	2.10059	5.64428e-05	1	-4.53714
0	2.12032	5.64428e-05	1	-4.60262
0	2.14004	5.64428e-05	1	-4.66811
0	2.15976	5.64428e-05	1	-4.73359
0	2.17949	5.64428e-05	1	-4.79907
0	2.19921	5.64428e-05	1	-4.86455
0	2.21893	5.64428e-05	1	-4.93004
0	2.23866	5.64428e-05	1	-4.99552
0	2.25838	5.64428e-05	1	-5.061
0	2.27811	5.64428e-05	1	-5.12648
0	2.29783	5.64428e-05	1	-5.19196
0	2.31755	5.64428e-05	1	-5.25745
0	2.33728	5.64428e-05	1	-5.32293
0	2.357	5.64428e-05	1	-5.38841
0	2.37673	5.64428e-05	1	-5.45389
0	2.39645	5.64428e-05	1	-5.51938
0	2.41617	5.64428e-05	1	-5.58486
0	2.4359	5.64428e-05	1	-5.65034
0	2.45562	5.64428e-05	1	-5.71582
0	2.47535	5.64428e-05	1	-5.78131
0	2.49507	5.64428e-05	1	-5.84679
0	2.51479	5.64428e-05	1	-5.91227
0	2.53452	5.64428e-05	1	-5.97775
0	2.55424	5.64428e-05	1	-6.04323
0	2.57396	5.64428e-05	1	-6.10872
0	2.59369	5.64428e-05	1	-6.1742
0	2.61341	5.64428e-05	1	-6.23968
0	2.63314	5.64428e-05	1	-6.30516
0	2.65286	5.64428e-05	1	-6.37065
0	2.67258	5.64428e-05	1	-6.43613
0	2.69231	5.64428e-05	1	-6.50161
0	2.71203	5.64428e-05	1	-6.56709
0	2.73176	5.64428e-05	1	-6.63258
0	2.75148	5.64428e-05	1	-6.69806
0	2.7712	5.64428e-05	1	-6.76354
0	2.79093	5.64428e-05	1	-6.82902
0	2.81065	5.64428e-05	1	-6.89451
0	2.83037	5.64428e-05	1	-6.95999
0	2.8501	5.64428e-05	1	-7.02547
0	2.86982	5.64428e-05	1	-7.09095
0	2.88955	5.64428e-05	1	-7.15643
0	2.90927	5.64428e-05	1	-7.22192
0	2.92899	5.64428e-05	1	-7.2874
0	2.94872	5.64428e-05	1	-7.35288
0	2.96844	5.64428e-05	1	-7.41836
0	2.98817	5.64428e-05	1	-7.48385
0	3.00789	5.64428e-05	1	-7.54933
0	3.02761	5.64428e-05	1	-7.61481
0	3.04734	5.64428e-05	1	-7.68029
0	3.06706	5.64428e-05	1	-7.74578
0	3.08679	5.64428e-05	1	-7.81126
0	3.10651	5.64428e-05	1	-7.87674
0	3.12623	5.64428e-05	1	-7.94222
0	3.14596	5.64428e-05	1	-8.0077
0	3.16568	5.64428e-05	1	-8.07319
0	3.1854	5.57329e-05	1	-8.13867
0	3.20513	5.57329e-05	1	-8.20415
0	3.22485	5.57329e-05	1	-8.26963
0	3.24458	5.53653e-05	1	-8.33512
0	3.2643	5.52678e-05	1	-8.4006
0	3.28402	5.48498e-05	1	-8.46608
0	3.30375	5.48498e-05	1	-8.53156
0	3.32347	5.45592e-05	1	-8.59705
0	3.3432	5.36067e-05	1	-8.66253
0	3.36292	5.34889e-05	1	-8.72801
0	3.38264	5.34889e-05	1	-8.79349
0	3.40237	5.34838e-05	1	-8.85898
0	3.42209	5.25593e-05	1	-8.92446
0	3.44181	5.25593e-05	1	-8.98994
0	3.46154	5.16733e-05	1	-9.05542
0	3.48126	5.16733e-05	1	-9.1209
0	3.50099	5.11207e-05	1	-9.18639
0	3.52071	5.08592e-05	1	-9.25187
0	3.54043	5.0148e-05	1	-9.31735
0	3.56016	4.99177e-05	1	-9.38283
0	3.57988	4.94565e-05	1	-9.44832
0	3.59961	4.94565e-05	1	-9.5138
0	3.61933	4.94565e-05	1	-9.57928
0	3.63905	4.924e-05	1	-9.64476
0	3.65878	4.924e-05	1	-9.71025
0	3.6785	4.87485e-05	1	-9.77573
0	3.69822	4.83964e-05	1	-9.84121
0	3.71795	4.80209e-05	1	-9.90669
0	3.73767	4.80209e-05	1	-9.97218
0	3.7574	4.80209e-05	1	-10.0377
0	3.77712	4.7986e-05	1	-10.1031
0	3.79684	4.7986e-05	1	-10.1686
0	3.81657	4.77829e-05	1	-10.2341
0	3.83629	4.69218e-05	1	-10.2996
0	3.85602	4.69218e-05	1	-10.3651
0	3.87574	4.69218e-05	1	-10.4306
0	3.89546	4.69218e-05	1	-10.496
0	3.91519	4.641e-05	1	-10.5615
0	3.93491	4.641e-05	1	-10.627
0	3.95464	4.62466e-05	1	-10.6925
0	3.97436	4.5611e-05	1	-10.758
0	3.99408	4.5611e-05	1	-10.8234
0	4.01381	4.54924e-05	1	-10.8889
0	4.03353	4.5474e-05	1	-10.9544
0	4.05325	4.45171e-05	1	-11.0199
0	4.07298	4.43771e-05	1	-11.0854
0	4.0927	4.41579e-05	1	-11.1509
0	4.11243	4.41166e-05	1	-11.2163
0	4.13215	4.41166e-05	1	-11.2818
0	4.15187	4.36901e-05	1	-11.3473
0	4.1716	4.31093e-05	1	-11.4128
0	4.19132	4.31093e-05	1	-11.4783
0	4.21105	4.29439e-05	1	-11.5438
0	4.23077	4.29439e-05	1	-11.6092
0	4.25049	4.29439e-05	1	-11.6747
0	4.27022	4.27011e-05	1	-11.7402
0	4.28994	4.25207e-05	1	-11.8057
0	4.30966	4.24033e-05	1	-11.8712
0	4.32939	4.17405e-05	1	-11.9366
0	4.34911	4.17405e-05	1	-12.0021
0	4.36884	4.17405e-05	1	-12.0676
0	4.38856	4.13633e-05	1	-12.1331
0	4.40828	4.13633e-05	1	-12.1986
0	4.42801	4.13633e-05	1	-12.2641
0	4.44773	4.13633e-05	1	-12.3295
0	4.46746	4.09172e-05	1	-12.395
0	4.48718	4.09172e-05	1	-12.4605
0	4.5069	4.01384e-05	1	-12.526
0	4.52663	4.01384e-05	1	-12.5915
0	4.54635	3.99465e-05	1	-12.657
0	4.56607	3.99465e-05	1	-12.7224
0	4.5858	3.99465e-05	1	-12.7879
0	4.60552	3.93087e-05	1	-12.8534
0	4.62525	3.93087e-05	1	-12.9189
0	4.64497	3.92242e-05	1	-12.9844
0	4.66469	3.84548e-05	1	-13.0498
0	4.68442	3.84548e-05	1	-13.1153
0	4.70414	3.83057e-05	1	-13.1808
0	4.72387	3.82925e-05	1	-13.2463
0	4.74359	3.80152e-05	1	-13.3118
0	4.76331	3.80152e-05	1	-13.3773
0	4.78304	3.76163e-05	1	-13.4427
0	4.80276	3.76163e-05	1	-13.5082
0	4.82249	3.76163e-05	1	-13.5737
0	4.84221	3.75972e-05	1	-13.6392
0	4.86193	3.72923e-05	1	-13.7047
0	4.88166	3.72923e-05	1	-13.7702
0	4.90138	3.72923e-05	1	-13.8356
0	4.9211	3.72276e-05	1	-13.9011
0	4.94083	3.72276e-05	1	-13.9666
0	4.96055	3.72276e-05	1	-14.0321
0	4.98028	3.71249e-05	1	-14.0976
0	5	3.71249e-05	1	-14.163
0	5	3.68721e-05	1	-14.163
0	4.98028	3.68721e-05	1	-14.0976
0	4.96055	3.67432e-05	1	-14.0321
0	4.94083	3.6472e-05	1	-13.9666
0	4.9211	3.6472e-05	1	-13.9011
0	4.90138	3.6472e-05	1	-13.8356
0	4.88166	3.6472e-05	1	-13.7702
0	4.86193	3.6472e-05	1	-13.7047
0	4.84221	3.6472e-05	1	-13.6392
0	4.82249	3.6472e-05	1	-13.5737
0	4.80276	3.6472e-05	1	-13.5082
0	4.78304	3.6472e-05	1	-13.4427
0	4.76331	3.6472e-05	1	-13.3773
0	4.74359	3.6472e-05	1	-13.3118
0	4.72387	3.6472e-05	1	-13.2463
0	4.70414	3.6472e-05	1	-13.1808
0	4.68442	3.6472e-05	1	-13.1153
0	4.66469	3.6472e-05	1	-13.0498
0	4.64497	3.6472e-05	1	-12.9844
0	4.62525	3.6472e-05	1	-12.9189
0	4.60552	3.6472e-05	1	-12.8534
0	4.5858	3.6472e-05	1	-12.7879
0	4.56607	3.6472e-05	1	-12.7224
0	4.54635	3.6472e-05	1	-12.657
0	4.52663	3.6472e-05	1	-12.5915
0	4.5069	3.6472e-05	1	-12.526
0	4.48718	3.6472e-05	1	-12.4605
0	4.46746	3.6472e-05	1	-12.395
0	4.44773	3.6472e-05	1	-12.3295
0	4.42801	3.6472e-05	1	-12.2641
0	4.40828	3.6472e-05	1	-12.1986
0	4.38856	3.6472e-05	1	-12.1331
0	4.36884	3.6472e-05	1	-12.0676
0	4.34911	3.6472e-05	1	-12.0021
0	4.32939	3.6472e-05	1	-11.9366
0	4.30966	3.6472e-05	1	-11.8712
0	4.28994	3.6472e-05	1	-11.8057
0	4.27022	3.6472e-05	1	-11.7402
0	4.25049	3.6472e-05	1	-11.6747
0	4.23077	3.6472e-05	1	-11.6092
0	4.21105	3.6472e-05	1	-11.5438
0	4.19132	3.6472e-05	1	-11.4783
0	4.1716	3.6472e-05	1	-11.4128
0	4.15187	3.6472e-05	1	-11.3473
0	4.13215	3.6472e-05	1	-11.2818
0	4.11243	3.6472e-05	1	-11.2163
0	4.0927	3.6472e-05	1	-11.1509
0	4.07298	3.6472e-05	1	-11.0854
0	4.05325	3.6472e-05	1	-11.0199
0	4.03353	3.6472e-05	1	-10.9544
0	4.01381	3.6472e-05	1	-10.8889
0	3.99408	3.6472e-05	1	-10.8234
0	3.97436	3.6472e-05	1	-10.758
0	3.95464	3.6472e-05	1	-10.6925
0	3.93491	3.6472e-05	1	-10.627
0	3.91519	3.6472e-05	1	-10.5615
0	3.89546	3.6472e-05	1	-10.496
0	3.87574	3.6472e-05	1	-10.4306
0	3.85602	3.6472e-05	1	-10.3651
0	3.83629	3.6472e-05	1	-10.2996
0	3.81657	3.6472e-05	1	-10.2341
0	3.79684	3.6472e-05	1	-10.1686
0	3.77712	3.6472e-05	1	-10.1031
0	3.7574	3.6472e-05	1	-10.0377
0	3.73767	3.6472e-05	1	-9.97218
0	3.71795	3.6472e-05	1	-9.9067
0	3.69822	3.6472e-05	1	-9.84121
0	3.6785	3.6472e-05	1	-9.77573
0	3.65878	3.6472e-05	1	-9.71025
0	3.63905	3.6472e-05	1	-9.64477
0	3.61933	3.6472e-05	1	-9.57928
0	3.59961	3.6472e-05	1	-9.5138
0	3.57988	3.6472e-05	1	-9.44832
0	3.56016	3.6472e-05	1	-9.38284
0	3.54043	3.6472e-05	1	-9.31735
0	3.52071	3.6472e-05	1	-9.25187
0	3.50099	3.6472e-05	1	-9.18639
0	3.48126	3.6472e-05	1	-9.12091
0	3.46154	3.6472e-05	1	-9.05543
0	3.44181	3.6472e-05	1	-8.98994
0	3.42209	3.6472e-05	1	-8.92446
0	3.40237	3.6472e-05	1	-8.85898
0	3.38264	3.6472e-05	1	-8.7935
0	3.36292	3.6472e-05	1	-8.72801
0	3.3432	3.6472e-05	1	-8.66253
0	3.32347	3.6472e-05	1	-8.59705
0	3.30375	3.6472e-05	1	-8.53157
0	3.28402	3.6472e-05	1	-8.46608
0	3.2643	3.6472e-05	1	-8.4006
0	3.24458	3.6472e-05	1	-8.33512
0	3.22485	3.6472e-05	1	-8.26964
0	3.20513	3.6472e-05	1	-8.20416
0	3.1854	3.6472e-05	1	-8.13867
0	3.16568	3.6472e-05	1	-8.07319
0	3.14596	3.6472e-05	1	-8.00771
0	3.12623	3.6472e-05	1	-7.94223
0	3.10651	3.6472e-05	1	-7.87674
0	3.08679	3.6472e-05	1	-7.81126
0	3.06706	3.6472e-05	1	-7.74578
0	3.04734	3.6472e-05	1	-7.6803
0	3.02761	3.6472e-05	1	-7.61481
0	3.00789	3.6472e-05	1	-7.54933
0	2.98817	3.6472e-05	1	-7.48385
0	2.96844	3.6472e-05	1	-7.41837
0	2.94872	3.6472e-05	1	-7.35288
0	2.92899	3.6472e-05	1	-7.2874
0	2.90927	3.6472e-05	1	-7.22192
0	2.88955	3.6472e-05	1	-7.15644
0	2.86982	3.6472e-05	1	-7.09096
0	2.8501	3.6472e-05	1	-7.02547
0	2.83037	3.6472e-05	1	-6.95999
0	2.81065	3.6472e-05	1	-6.89451
0	2.79093	3.6472e-05	1	-6.82903
0	2.7712	3.6472e-05	1	-6.76354
0	2.75148	3.6472e-05	1	-6.69806
0	2.73176	3.6472e-05	1	-6.63258
0	2.71203	3.6472e-05	1	-6.5671
0	2.69231	3.6472e-05	1	-6.50161
0	2.67258	3.6472e-05	1	-6.43613
0	2.65286	3.6472e-05	1	-6.37065
0	2.63314	3.6472e-05	1	-6.30517
0	2.61341	3.6472e-05	1	-6.23969
0	2.59369	3.6472e-05	1	-6.1742
0	2.57396	3.6472e-05	1	-6.10872
0	2.55424	3.6472e-05	1	-6.04324
0	2.53452	3.6472e-05	1	-5.97776
0	2.51479	3.6472e-05	1	-5.91227
0	2.49507	3.6472e-05	1	-5.84679
0	2.47535	3.6472e-05	1	-5.78131
0	2.45562	3.6472e-05	1	-5.71583
0	2.4359	3.6472e-05	1	-5.65034
0	2.41617	3.6472e-05	1	-5.58486
0	2.39645	3.6472e-05	1	-5.51938
0	2.37673	3.6472e-05	1	-5.4539
0	2.357	3.6472e-05	1	-5.38842
0	2.33728	3.6472e-05	1	-5.32293
0	2.31755	3.6472e-05	1	-5.25745
0	2.29783	3.6472e-05	1	-5.19197
0	2.27811	3.6472e-05	1	-5.12649
0	2.25838	3.6472e-05	1	-5.061
0	2.23866	3.6472e-05	1	-4.99552
0	2.21893	3.6472e-05	1	-4.93004
0	2.19921	3.6472e-05	1	-4.86456
0	2.17949	3.6472e-05	1	-4.79907
0	2.15976	3.6472e-05	1	-4.73359
0	2.14004	3.6472e-05	1	-4.66811
0	2.12032	3.6472e-05	1	-4.60263
0	2.10059	3.6472e-05	1	-4.53715
0	2.08087	3.6472e-05	1	-4.47166
0	2.06114	3.6472e-05	1	-4.40618
0	2.04142	3.6472e-05	1	-4.3407
0	2.0217	3.6472e-05	1	-4.27522
0	2.00197	3.6472e-05	1	-4.20973
0	1.98225	3.6472e-05	1	-4.14425
0	1.96252	3.6472e-05	1	-4.07877
0	1.9428	3.6472e-05	1	-4.01329
0	1.92308	3.6472e-05	1	-3.9478
0	1.90335	3.6472e-05	1	-3.88232
0	1.88363	3.6472e-05	1	-3.81684
0	1.86391	3.6472e-05	1	-3.75136
0	1.84418	3.6472e-05	1	-3.68587
0	1.82446	3.6472e-05	1	-3.62039
0	1.80473	3.6472e-05	1	-3.55491
0	1.78501	3.6472e-05	1	-3.48943
0	1.76529	3.6472e-05	1	-3.42395
0	1.74556	3.6472e-05	1	-3.35846
0	1.72584	3.6472e-05	1	-3.29298
0	1.70611	3.6472e-05	1	-3.2275
0	1.68639	3.6472e-05	1	-3.16202
0	1.66667	3.6472e-05	1	-3.09653
0	1.64694	3.6472e-05	1	-3.03105
0	1.62722	3.6472e-05	1	-2.96557
0	1.6075	3.6472e-05	1	-2.90009
0	1.58777	3.6472e-05	1	-2.8346
0	1.56805	3.6472e-05	1	-2.76912
0	1.54832	3.6472e-05	1	-2.70364
0	1.5286	3.6472e-05	1	-2.63816
0	1.50888	3.6472e-05	1	-2.57268
0	1.48915	3.6472e-05	1	-2.50719
0	1.46943	3.6472e-05	1	-2.44171
0	1.4497	3.6472e-05	1	-2.37623
0	1.42998	3.6472e-05	1	-2.31075
0	1.41026	3.6472e-05	1	-2.24526
0	1.39053	3.6472e-05	1	-2.17978
0	1.37081	3.6472e-05	1	-2.1143
0	1.35108	3.6472e-05	1	-2.04882
0	1.33136	3.6472e-05	1	-1.98333
0	1.31164	3.6472e-05	1	-1.91785
0	1.29191	3.6472e-05	1	-1.85237
0	1.27219	3.6472e-05	1	-1.78689
0	1.25247	3.6472e-05	1	-1.72141
0	1.23274	3.6472e-05	1	-1.65592
0	1.21302	3.6472e-05	1	-1.59044
0	1.19329	3.6472e-05	1	-1.52496
0	1.17357	3.6472e-05	1	-1.45948
0	1.15385	3.6472e-05	1	-1.39399
0	1.13412	3.6472e-05	1	-1.32851
0	1.1144	3.6472e-05	1	-1.26303
0	1.09467	3.6472e-05	1	-1.19755
0	1.07495	3.6472e-05	1	-1.13206
0	1.05523	3.6472e-05	1	-1.06658
0	1.0355	3.6472e-05	1	-1.0011
0	1.01578	3.6472e-05	1	-0.935617
0	0.996055	3.6472e-05	1	-0.870135
0	0.976331	3.6472e-05	1	-0.804653
0	0.956607	3.6472e-05	1	-0.73917
0	0.936884	3.6472e-05	1	-0.673688
0	0.91716	3.6472e-05	1	-0.608206
0	0.897436	3.6472e-05	1	-0.542723
0	0.877712	3.6472e-05	1	-0.477241
0	0.857988	3.6472e-05	1	-0.411759
0	0.838264	3.6472e-05	1	-0.346276
0	0.81854	3.6472e-05	1	-0.280794
0	0.798817	3.6472e-05	1	-0.215312
0	0.779093	3.6472e-05	1	-0.149829
0	0.759369	3.6472e-05	1	-0.0843472
0	0.739645	3.6472e-05	1	-0.0188648
0	0.719921	3.6472e-05	1	0.0466175
0	0.700197	3.6472e-05	1	0.1121
0	0.680473	3.6472e-05	1	0.177582
0	0.66075	3.6472e-05	1	0.243064
0	0.641026	3.6472e-05	1	0.308547
0	0.621302	3.6472e-05	1	0.374029
0	0.601578	3.6472e-05	1	0.439511
0	0.581854	3.6472e-05	1	0.504994
0	0.56213	3.6472e-05	1	0.570476
0	0.542406	3.6472e-05	1	0.635958
0	0.522682	3.6472e-05	1	0.701441
0	0.502959	3.6472e-05	1	0.766923
0	0.483235	3.6472e-05	1	0.832405
0	0.463511	3.6472e-05	1	0.897888
0	0.443787	3.6472e-05	1	0.96337
0	0.424063	3.6472e-05	1	1.02885
0	0.404339	3.6472e-05	1	1.09433
0	0.384615	3.6472e-05	1	1.15982
0	0.364892	3.64719e-05	1	1.2253
0	0.345168	3.64719e-05	1	1.29078
0	0.325444	3.64719e-05	1	1.35626
0	0.30572	3.64719e-05	1	1.42175
0	0.285996	3.64719e-05	1	1.48723
0	0.266272	3.64719e-05	1	1.55271
0	0.246548	3.64719e-05	1	1.61819
0	0.226824	3.64719e-05	1	1.68368
0	0.207101	3.64719e-05	1	1.74916
0	0.187377	3.64719e-05	1	1.81464
0	0.167653	3.64719e-05	1	1.88012
0	0.147929	3.64719e-05	1	1.9456
0	0.128205	3.64719e-05	1	2.01109
0	0.108481	3.64719e-05	1	2.07657
0	0.0887574	3.64719e-05	1	2.14205
0	0.0690335	3.64719e-05	1	2.20753
0	0.0493097	3.64719e-05	1	2.27302
0	0.0295858	3.64719e-05	1	2.3385
0	0.00986193	3.64719e-05	1	2.40398
0	-0.00986193	3.64719e-05	1	2.46946
0	-0.0295858	3.64719e-05	1	2.53495
0	-0.0493097	3.64719e-05	1	2.60043
0	-0.0690335	3.64719e-05	1	2.66591
0	-0.0887574	3.64719e-05	1	2.73139
0	-0.108481	3.64719e-05	1	2.79688
0	-0.128205	3.64719e-05	1	2.86236
0	-0.147929	3.64719e-05	1	2.92784
0	-0.167653	3.64719e-05	1	2.99332
0	-0.187377	3.64719e-05	1	3.0588
0	-0.207101	3.64719e-05	1	3.12429
0	-0.226824	3.64719e-05	1	3.18977
0	-0.246548	3.64719e-05	1	3.25525
0	-0.266272	3.64719e-05	1	3.32073
0	-0.285996	3.64719e-05	1	3.38622
0	-0.30572	3.64719e-05	1	3.4517
0	-0.325444	3.64719e-05	1	3.51718
0	-0.345168	3.64719e-05	1	3.58266
0	-0.364892	3.64719e-05	1	3.64815
0	-0.384615	3.64719e-05	1	3.71363
0	-0.404339	3.64719e-05	1	3.77911
0	-0.424063	3.64719e-05	1	3.84459
0	-0.443787	3.64719e-05	1	3.91007
0	-0.463511	3.64719e-05	1	3.97556
0	-0.483235	3.64719e-05	1	4.04104
0	-0.502959	3.64719e-05	1	4.10652
0	-0.522682	3.64719e-05	1	4.172
0	-0.542406	3.64719e-05	1	4.23749
0	-0.56213	3.64719e-05	1	4.30297
0	-0.581854	3.64719e-05	1	4.36845
0	-0.601578	3.64719e-05	1	4.43393
0	-0.621302	3.64719e-05	1	4.49942
0	-0.641026	3.64719e-05	1	4.5649
0	-0.66075	3.64719e-05	1	4.63038
0	-0.680473	3.64719e-05	1	4.69586
0	-0.700197	3.64719e-05	1	4.76134
0	-0.719921	3.64719e-05	1	4.82683
0	-0.739645	3.64719e-05	1	4.89231
0	-0.759369	3.64719e-05	1	4.95779
0	-0.779093	3.64719e-05	1	5.02327
0	-0.798817	3.64719e-05	1	5.08876
0	-0.81854	3.64719e-05	1	5.15424
0	-0.838264	3.64719e-05	1	5.21972
0	-0.857988	3.64719e-05	1	5.2852
0	-0.877712	3.64719e-05	1	5.35069
0	-0.897436	3.64719e-05	1	5.41617
0	-0.91716	3.64719e-05	1	5.48165
0	-0.936884	3.64719e-05	1	5.54713
0	-0.956607	3.64719e-05	1	5.61261
0	-0.976331	3.64719e-05	1	5.6781
0	-0.996055	3.64719e-05	1	5.74358
0	-1.01578	3.64719e-05	1	5.80906
0	-1.0355	3.64719e-05	1	5.87454
0	-1.05523	3.64719e-05	1	5.94003
0	-1.07495	3.64719e-05	1	6.00551
0	-1.09467	3.64719e-05	1	6.07099
0	-1.1144	3.64719e-05	1	6.13647
0	-1.13412	3.64719e-05	1	6.20196
0	-1.15385	3.64719e-05	1	6.26744
0	-1.17357	3.64719e-05	1	6.33292
0	-1.19329	3.64719e-05	1	6.3984
0	-1.21302	3.64719e-05	1	6.46389
0	-1.23274	3.64719e-05	1	6.52937
0	-1.25247	3.64719e-05	1	6.59485
0	-1.27219	3.64719e-05	1	6.66033
0	-1.29191	3.64719e-05	1	6.72581
0	-1.31164	3.64719e-05	1	6.7913
0	-1.33136	3.64719e-05	1	6.85678
0	-1.35108	3.64719e-05	1	6.92226
0	-1.37081	3.64719e-05	1	6.98774
0	-1.39053	3.64719e-05	1	7.05323
0	-1.41026	3.64719e-05	1	7.11871
0	-1.42998	3.64719e-05	1	7.18419
0	-1.4497	3.64719e-05	1	7.24967
0	-1.46943	3.64719e-05	1	7.31516
0	-1.48915	3.64719e-05	1	7.38064
0	-1.50888	3.64719e-05	1	7.44612
0	-1.5286	3.64719e-05	1	7.5116
0	-1.54832	3.64719e-05	1	7.57708
0	-1.56805	3.64719e-05	1	7.64257
0	-1.58777	3.64719e-05	1	7.70805
0	-1.6075	3.64719e-05	1	7.77353
0	-1.62722	3.64719e-05	1	7.83901
0	-1.64694	3.64719e-05	1	7.9045
0	-1.66667	3.64719e-05	1	7.96998
0	-1.68639	3.64719e-05	1	8.03546
0	-1.70611	3.64719e-05	1	8.10094
0	-1.72584	3.64719e-05	1	8.16643
0	-1.74556	3.64719e-05	1	8.23191
0	-1.76529	3.64719e-05	1	8.29739
0	-1.78501	3.64719e-05	1	8.36287
0	-1.80473	3.64719e-05	1	8.42835
0	-1.82446	3.64719e-05	1	8.49384
0	-1.84418	3.64719e-05	1	8.55932
0	-1.86391	3.64719e-05	1	8.6248
0	-1.88363	3.64719e-05	1	8.69028
0	-1.90335	3.64719e-05	1	8.75577
0	-1.92308	3.64719e-05	1	8.82125
0	-1.9428	3.64719e-05	1	8.88673
0	-1.96252	3.64719e-05	1	8.95221
0	-1.98225	3.64719e-05	1	9.0177
0	-2.00197	3.64719e-05	1	9.08318
0	-2.0217	3.64719e-05	1	9.14866
0	-2.04142	3.64719e-05	1	9.21414
0	-2.06114	3.64719e-05	1	9.27962
0	-2.08087	3.64719e-05	1	9.34511
0	-2.10059	3.64719e-05	1	9.41059
0	-2.12032	3.64719e-05	1	9.47607
0	-2.14004	3.64719e-05	1	9.54155
0	-2.15976	3.64719e-05	1	9.60704
0	-2.17949	3.64719e-05	1	9.67252
0	-2.19921	3.64719e-05	1	9.738
0	-2.21893	3.64719e-05	1	9.80348
0	-2.23866	3.64719e-05	1	9.86897
0	-2.25838	3.64719e-05	1	9.93445
0	-2.27811	3.64719e-05	1	9.99993
0	-2.29783	3.64719e-05	1	10.0654
0	-2.31755	3.64719e-05	1	10.1309
0	-2.33728	3.64719e-05	1	10.1964
0	-2.357	3.64719e-05	1	10.2619
0	-2.37673	3.64719e-05	1	10.3273
0	-2.39645	3.64719e-05	1	10.3928
0	-2.41617	3.64719e-05	1	10.4583
0	-2.4359	3.64719e-05	1	10.5238
0	-2.45562	3.64719e-05	1	10.5893
0	-2.47535	3.64719e-05	1	10.6548
0	-2.49507	3.64719e-05	1	10.7202
0	-2.51479	3.64719e-05	1	10.7857
0	-2.53452	3.64719e-05	1	10.8512
0	-2.55424	3.64719e-05	1	10.9167
0	-2.57396	3.64719e-05	1	10.9822
0	-2.59369	3.64719e-05	1	11.0476
0	-2.61341	3.64719e-05	1	11.1131
0	-2.63314	3.64719e-05	1	11.1786
0	-2.65286	3.64719e-05	1	11.2441
0	-2.67258	3.64719e-05	1	11.3096
0	-2.69231	3.64719e-05	1	11.3751
0	-2.71203	3.64719e-05	1	11.4405
0	-2.73176	3.64719e-05	1	11.506
0	-2.75148	3.64719e-05	1	11.5715
0	-2.7712	3.64719e-05	1	11.637
0	-2.79093	3.64719e-05	1	11.7025
0	-2.81065	3.64719e-05	1	11.768
0	-2.83037	3.64719e-05	1	11.8334
0	-2.8501	3.64719e-05	1	11.8989
0	-2.86982	3.64719e-05	1	11.9644
0	-2.88955	3.64719e-05	1	12.0299
0	-2.90927	3.64719e-05	1	12.0954
0	-2.92899	3.64719e-05	1	12.1608
0	-2.94872	3.64719e-05	1	12.2263
0	-2.96844	3.64719e-05	1	12.2918
0	-2.98817	3.64719e-05	1	12.3573
0	-3.00789	3.64719e-05	1	12.4228
0	-3.02761	3.64719e-05	1	12.4883
0	-3.04734	3.64719e-05	1	12.5537
0	-3.06706	3.64719e-05	1	12.6192
0	-3.08679	3.64719e-05	1	12.6847
0	-3.10651	3.64719e-05	1	12.7502
0	-3.12623	3.64719e-05	1	12.8157
0	-3.14596	3.64719e-05	1	12.8812
0	-3.16568	3.64719e-05	1	12.9466
0	-3.1854	3.64719e-05	1	13.0121
0	-3.20513	3.64719e-05	1	13.0776
0	-3.22485	3.64719e-05	1	13.1431
0	-3.24458	3.64719e-05	1	13.2086
0	-3.2643	3.64719e-05	1	13.274
0	-3.28402	3.64719e-05	1	13.3395
0	-3.30375	3.64719e-05	1	13.405
0	-3.32347	3.64719e-05	1	13.4705
0	-3.3432	3.64719e-05	1	13.536
0	-3.36292	3.64719e-05	1	13.6015
0	-3.38264	3.64719e-05	1	13.6669
0	-3.40237	3.64719e-05	1	13.7324
0	-3.42209	3.64719e-05	1	13.7979
0	-3.44181	3.64719e-05	1	13.8634
0	-3.46154	3.64719e-05	1	13.9289
0	-3.48126	3.64719e-05	1	13.9944
0	-3.50099	3.64719e-05	1	14.0598
0	-3.52071	3.64719e-05	1	14.1253
0	-3.54043	3.64719e-05	1	14.1908
0	-3.56016	3.64719e-05	1	14.2563
0	-3.57988	3.64719e-05	1	14.3218
0	-3.59961	3.64719e-05	1	14.3872
0	-3.61933	3.64719e-05	1	14.4527
0	-3.63905	3.64719e-05	1	14.5182
0	-3.65878	3.64719e-05	1	14.5837
0	-3.6785	3.64719e-05	1	14.6492
0	-3.69822	3.64719e-05	1	14.7147
0	-3.71795	3.64719e-05	1	14.7801
0	-3.73767	3.64719e-05	1	14.8456
0	-3.7574	3.64719e-05	1	14.9111
0	-3.77712	3.64719e-05	1	14.9766
0	-3.79684	3.64719e-05	1	15.0421
0	-3.81657	3.64719e-05	1	15.1076
0	-3.83629	3.64719e-05	1	15.173
0	-3.85602	3.64719e-05	1	15.2385
0	-3.87574	3.64719e-05	1	15.304
0	-3.89546	3.64719e-05	1	15.3695
0	-3.91519	3.64719e-05	1	15.435
0	-3.93491	3.64719e-05	1	15.5004
0	-3.95464	3.64719e-05	1	15.5659
0	-3.97436	3.64719e-05	1	15.6314
0	-3.99408	3.64719e-05	1	15.6969
0	-4.01381	3.64719e-05	1	15.7624
0	-4.03353	3.64719e-05	1	15.8279
0	-4.05325	3.64719e-05	1	15.8933
0	-4.07298	3.64719e-05	1	15.9588
0	-4.0927	3.64719e-05	1	16.0243
0	-4.11243	3.64719e-05	1	16.0898
0	-4.13215	3.64719e-05	1	16.1553
0	-4.15187	3.64719e-05	1	16.2208
0	-4.1716	3.64719e-05	1	16.2862
0	-4.19132	3.64719e-05	1	16.3517
0	-4.21105	3.64719e-05	1	16.4172
0	-4.23077	3.64719e-05	1	16.4827
0	-4.25049	3.64719e-05	1	16.5482
0	-4.27022	3.64719e-05	1	16.6136
0	-4.28994	3.64719e-05	1	16.6791
0	-4.30966	3.64719e-05	1	16.7446
0	-4.32939	3.64719e-05	1	16.8101
0	-4.34911	3.64719e-05	1	16.8756
0	-4.36884	3.64719e-05	1	16.9411
0	-4.38856	3.64719e-05	1	17.0065
0	-4.40828	3.64719e-05	1	17.072
0	-4.42801	3.64719e-05	1	17.1375
0	-4.44773	3.64719e-05	1	17.203
0	-4.46746	3.64719e-05	1	17.2685
0	-4.48718	3.64719e-05	1	17.334
0	-4.5069	3.64719e-05	1	17.3994
0	-4.52663	3.64719e-05	1	17.4649
0	-4.54635	3.64719e-05	1	17.5304
0	-4.56607	3.64719e-05	1	17.5959
0	-4.5858	3.64719e-05	1	17.6614
0	-4.60552	3.64719e-05	1	17.7268
0	-4.62525	3.64719e-05	1	17.7923
0	-4.64497	3.64719e-05	1	17.8578
0	-4.66469	3.64719e-05	1	17.9233
0	-4.68442	3.64719e-05	1	17.9888
0	-4.70414	3.64719e-05	1	18.0543
0	-4.72387	3.64719e-05	1	18.1197
0	-4.74359	3.64719e-05	1	18.1852
0	-4.76331	3.64719e-05	1	18.2507
0	-4.78304	3.64719e-05	1	18.3162
0	-4.80276	3.64719e-05	1	18.3817
0	-4.82249	3.64719e-05	1	18.4472
0	-4.84221	3.64719e-05	1	18.5126
0	-4.86193	3.64719e-05	1	18.5781
0	-4.88166	3.64719e-05	1	18.6436
0	-4.90138	3.64719e-05	1	18.7091
0	-4.9211	3.64719e-05	1	18.7746
0	-4.94083	3.64719e-05	1	18.84
0	-4.96055	3.64719e-05	1	18.9055
0	-4.98028	3.64719e-05	1	18.971
0	-5	3.64719e-05	1	19.0365
