0	-5	0.00702295	-0.999975	-14.1035
0	-4.98028	0.00702324	-0.999975	-14.0386
0	-4.96055	0.0070241	-0.999975	-13.9737
0	-4.94083	0.00702582	-0.999975	-13.9088
0	-4.9211	0.00702661	-0.999975	-13.8439
0	-4.90138	0.00702733	-0.999975	-13.7791
0	-4.88166	0.00702734	-0.999975	-13.7142
0	-4.86193	0.00702877	-0.999975	-13.6493
0	-4.84221	0.0070297	-0.999975	-13.5844
0	-4.82249	0.00703083	-0.999975	-13.5195
0	-4.80276	0.00703235	-0.999975	-13.4546
0	-4.78304	0.00703235	-0.999975	-13.3897
0	-4.76331	0.0070345	-0.999975	-13.3248
0	-4.74359	0.00703484	-0.999975	-13.2599
0	-4.72387	0.00703484	-0.999975	-13.195
0	-4.70414	0.00703484	-0.999975	-13.1301
0	-4.68442	0.00703484	-0.999975	-13.0653
0	-4.66469	0.00703484	-0.999975	-13.0004
0	-4.64497	0.00703568	-0.999975	-12.9355
0	-4.62525	0.0070359	-0.999975	-12.8706
0	-4.60552	0.00703664	-0.999975	-12.8057
0	-4.5858	0.00703664	-0.999975	-12.7408
0	-4.56607	0.00703664	-0.999975	-12.6759
0	-4.54635	0.00703664	-0.999975	-12.611
0	-4.52663	0.00703837	-0.999975	-12.5461
0	-4.5069	0.00703961	-0.999975	-12.4812
0	-4.48718	0.007041	-0.999975	-12.4163
0	-4.46746	0.00704172	-0.999975	-12.3515
0	-4.44773	0.00704215	-0.999975	-12.2866
0	-4.42801	0.00704327	-0.999975	-12.2217
0	-4.40828	0.00704539	-0.999975	-12.1568
0	-4.38856	0.00704539	-0.999975	-12.0919
0	-4.36884	0.00704695	-0.999975	-12.027
0	-4.34911	0.00704799	-0.999975	-11.9621
0	-4.32939	0.00704817	-0.999975	-11.8972
0	-4.30966	0.00704817	-0.999975	-11.8323
0	-4.28994	0.00704817	-0.999975	-11.7674
0	-4.27022	0.00704941	-0.999975	-11.7025
0	-4.25049	0.00704972	-0.999975	-11.6376
0	-4.23077	0.0070508	-0.999975	-11.5728
0	-4.21105	0.00705176	-0.999975	-11.5079
0	-4.19132	0.00705176	-0.999975	-11.443
0	-4.1716	0.00705366	-0.999975	-11.3781
0	-4.15187	0.00705492	-0.999975	-11.3132
0	-4.13215	0.00705538	-0.999975	-11.2483
0	-4.11243	0.00705638	-0.999975	-11.1834
0	-4.0927	0.00705761	-0.999975	-11.1185
0	-4.07298	0.00705864	-0.999975	-11.0536
0	-4.05325	0.00705864	-0.999975	-10.9887
0	-4.03353	0.00705994	-0.999975	-10.9238
0	-4.01381	0.00706189	-0.999975	-10.859
0	-3.99408	0.00706189	-0.999975	-10.7941
0	-3.97436	0.00706298	-0.999975	-10.7292
0	-3.95464	0.00706418	-0.999975	-10.6643
0	-3.93491	0.00706549	-0.999975	-10.5994
0	-3.91519	0.00706569	-0.999975	-10.5345
0	-3.89546	0.00706569	-0.999975	-10.4696
0	-3.87574	0.00706621	-0.999975	-10.4047
0	-3.85602	0.00706758	-0.999975	-10.3398
0	-3.83629	0.00706838	-0.999975	-10.2749
0	-3.81657	0.00706838	-0.999975	-10.21
0	-3.79684	0.00706958	-0.999975	-10.1452
0	-3.77712	0.00707034	-0.999975	-10.0803
0	-3.7574	0.00707205	-0.999975	-10.0154
0	-3.73767	0.00707324	-0.999975	-9.95048
0	-3.71795	0.0070739	-0.999975	-9.88559
0	-3.69822	0.00707407	-0.999975	-9.8207
0	-3.6785	0.00707566	-0.999975	-9.75581
0	-3.65878	0.00707683	-0.999975	-9.69092
0	-3.63905	0.00707727	-0.999975	-9.62603
0	-3.61933	0.00707749	-0.999975	-9.56114
0	-3.59961	0.00707821	-0.999975	-9.49625
0	-3.57988	0.00707877	-0.999975	-9.43136
0	-3.56016	0.00707915	-0.999975	-9.36646
0	-3.54043	0.00708008	-0.999975	-9.30157
0	-3.52071	0.00708056	-0.999975	-9.23668
0	-3.50099	0.00708156	-0.999975	-9.17179
0	-3.48126	0.00708198	-0.999975	-9.1069
0	-3.46154	0.00708258	-0.999975	-9.04201
0	-3.44181	0.00708346	-0.999975	-8.97712
0	-3.42209	0.00708493	-0.999975	-8.91223
0	-3.40237	0.00708608	-0.999975	-8.84734
0	-3.38264	0.00708653	-0.999975	-8.78245
0	-3.36292	0.00708772	-0.999975	-8.71755
0	-3.3432	0.00708983	-0.999975	-8.65266
0	-3.32347	0.00709047	-0.999975	-8.58777
0	-3.30375	0.00709166	-0.999975	-8.52288
0	-3.28402	0.00709194	-0.999975	-8.45799
0	-3.2643	0.00709306	-0.999975	-8.3931
0	-3.24458	0.00709441	-0.999975	-8.32821
0	-3.22485	0.00709454	-0.999975	-8.26332
0	-3.20513	0.00709534	-0.999975	-8.19843
0	-3.1854	0.00709603	-0.999975	-8.13354
0	-3.16568	0.00709728	-0.999975	-8.06864
0	-3.14596	0.00709736	-0.999975	-8.00375
0	-3.12623	0.00709868	-0.999975	-7.93886
0	-3.10651	0.00709935	-0.999975	-7.87397
0	-3.08679	0.00710009	-0.999975	-7.80908
0	-3.06706	0.00710081	-0.999975	-7.74419
0	-3.04734	0.00710159	-0.999975	-7.6793
0	-3.02761	0.00710246	-0.999975	-7.61441
0	-3.00789	0.00710246	-0.999975	-7.54952
0	-2.98817	0.00710293	-0.999975	-7.48463
0	-2.96844	0.00710317	-0.999975	-7.41973
0	-2.94872	0.0071042	-0.999975	-7.35484
0	-2.92899	0.00710457	-0.999975	-7.28995
0	-2.90927	0.00710506	-0.999975	-7.22506
0	-2.88955	0.00710535	-0.999975	-7.16017
0	-2.86982	0.00710605	-0.999975	-7.09528
0	-2.8501	0.00710703	-0.999975	-7.03039
0	-2.83037	0.0071077	-0.999975	-6.9655
0	-2.81065	0.00710889	-0.999975	-6.90061
0	-2.79093	0.00710946	-0.999975	-6.83572
0	-2.7712	0.00711025	-0.999975	-6.77082
0	-2.75148	0.00711133	-0.999975	-6.70593
0	-2.73176	0.00711221	-0.999975	-6.64104
0	-2.71203	0.00711384	-0.999975	-6.57615
0	-2.69231	0.00711508	-0.999975	-6.51126
0	-2.67258	0.00711524	-0.999975	-6.44637
0	-2.65286	0.00711562	-0.999975	-6.38148
0	-2.63314	0.00711597	-0.999975	-6.31659
0	-2.61341	0.00711665	-0.999975	-6.2517
0	-2.59369	0.00711746	-0.999975	-6.18681
0	-2.57396	0.0071186	-0.999975	-6.12192
0	-2.55424	0.0071186	-0.999975	-6.05702
0	-2.53452	0.00711976	-0.999975	-5.99213
0	-2.51479	0.00711976	-0.999975	-5.92724
0	-2.49507	0.0071202	-0.999975	-5.86235
0	-2.47535	0.0071202	-0.999975	-5.79746
0	-2.45562	0.00712027	-0.999975	-5.73257
0	-2.4359	0.00712234	-0.999975	-5.66768
0	-2.41617	0.00712237	-0.999975	-5.60279
0	-2.39645	0.00712351	-0.999975	-5.5379
0	-2.37673	0.00712438	-0.999975	-5.47301
0	-2.357	0.00712564	-0.999975	-5.40811
0	-2.33728	0.00712643	-0.999975	-5.34322
0	-2.31755	0.00712763	-0.999975	-5.27833
0	-2.29783	0.00712864	-0.999975	-5.21344
0	-2.27811	0.00712899	-0.999975	-5.14855
0	-2.25838	0.00713044	-0.999975	-5.08366
0	-2.23866	0.00713127	-0.999975	-5.01877
0	-2.21893	0.00713179	-0.999975	-4.95388
0	-2.19921	0.00713282	-0.999975	-4.88899
0	-2.17949	0.00713285	-0.999975	-4.8241
0	-2.15976	0.00713457	-0.999975	-4.75921
0	-2.14004	0.00713498	-0.999975	-4.69431
0	-2.12032	0.00713532	-0.999975	-4.62942
0	-2.10059	0.0071357	-0.999975	-4.56453
0	-2.08087	0.00713625	-0.999975	-4.49964
0	-2.06114	0.00713625	-0.999975	-4.43475
0	-2.04142	0.00713773	-0.999975	-4.36986
0	-2.0217	0.00713866	-0.999975	-4.30497
0	-2.00197	0.00713879	-0.999975	-4.24008
0	-1.98225	0.00713971	-0.999975	-4.17519
0	-1.96252	0.00714	-0.999975	-4.1103
0	-1.9428	0.00714073	-0.999975	-4.0454
0	-1.92308	0.00714112	-0.999975	-3.98051
0	-1.90335	0.00714273	-0.999974	-3.91562
0	-1.88363	0.00714286	-0.999974	-3.85073
0	-1.86391	0.00714416	-0.999974	-3.78584
0	-1.84418	0.00714637	-0.999974	-3.72095
0	-1.82446	0.00714658	-0.999974	-3.65606
0	-1.80473	0.0071474	-0.999974	-3.59117
0	-1.78501	0.00714752	-0.999974	-3.52628
0	-1.76529	0.00714832	-0.999974	-3.46139
0	-1.74556	0.00714865	-0.999974	-3.3965
0	-1.72584	0.00714881	-0.999974	-3.3316
0	-1.70611	0.00714916	-0.999974	-3.26671
0	-1.68639	0.00714986	-0.999974	-3.20182
0	-1.66667	0.00715182	-0.999974	-3.13693
0	-1.64694	0.00715197	-0.999974	-3.07204
0	-1.62722	0.00715286	-0.999974	-3.00715
0	-1.6075	0.00715329	-0.999974	-2.94226
0	-1.58777	0.0071535	-0.999974	-2.87737
0	-1.56805	0.0071537	-0.999974	-2.81248
0	-1.54832	0.00715391	-0.999974	-2.74759
0	-1.5286	0.00715561	-0.999974	-2.68269
0	-1.50888	0.00715676	-0.999974	-2.6178
0	-1.48915	0.00715758	-0.999974	-2.55291
0	-1.46943	0.00715774	-0.999974	-2.48802
0	-1.4497	0.00715851	-0.999974	-2.42313
0	-1.42998	0.00716005	-0.999974	-2.35824
0	-1.41026	0.00716015	-0.999974	-2.29335
0	-1.39053	0.00716152	-0.999974	-2.22846
0	-1.37081	0.00716181	-0.999974	-2.16357
0	-1.35108	0.00716281	-0.999974	-2.09868
0	-1.33136	0.00716436	-0.999974	-2.03379
0	-1.31164	0.00716486	-0.999974	-1.96889
0	-1.29191	0.00716585	-0.999974	-1.904
0	-1.27219	0.00716651	-0.999974	-1.83911
0	-1.25247	0.00716775	-0.999974	-1.77422
0	-1.23274	0.00716962	-0.999974	-1.70933
0	-1.21302	0.00717108	-0.999974	-1.64444
0	-1.19329	0.00717108	-0.999974	-1.57955
0	-1.17357	0.00717228	-0.999974	-1.51466
0	-1.15385	0.00717291	-0.999974	-1.44977
0	-1.13412	0.00717449	-0.999974	-1.38488
0	-1.1144	0.00717488	-0.999974	-1.31999
0	-1.09467	0.00717493	-0.999974	-1.25509
0	-1.07495	0.0071754	-0.999974	-1.1902
0	-1.05523	0.00717683	-0.999974	-1.12531
0	-1.0355	0.00717713	-0.999974	-1.06042
0	-1.01578	0.00717842	-0.999974	-0.995531
0	-0.996055	0.00717842	-0.999974	-0.93064
0	-0.976331	0.00718001	-0.999974	-0.865749
0	-0.956607	0.00718084	-0.999974	-0.800858
0	-0.936884	0.00718098	-0.999974	-0.735967
0	-0.91716	0.00718226	-0.999974	-0.671077
0	-0.897436	0.00718351	-0.999974	-0.606186
0	-0.877712	0.00718412	-0.999974	-0.541295
0	-0.857988	0.00718527	-0.999974	-0.476404
0	-0.838264	0.00718574	-0.999974	-0.411513
0	-0.81854	0.00718615	-0.999974	-0.346622
0	-0.798817	0.00718766	-0.999974	-0.281731
0	-0.779093	0.00718941	-0.999974	-0.21684
0	-0.759369	0.00719128	-0.999974	-0.15195
0	-0.739645	0.00719144	-0.999974	-0.0870587
0	-0.719921	0.00719184	-0.999974	-0.0221678
0	-0.700197	0.00719409	-0.999974	0.0427229
0	-0.680473	0.00719489	-0.999974	0.107614
0	-0.66075	0.007197	-0.999974	0.172505
0	-0.641026	0.00719915	-0.999974	0.237395
0	-0.621302	0.00719994	-0.999974	0.302286
0	-0.601578	0.00720107	-0.999974	0.367177
0	-0.581854	0.00720185	-0.999974	0.432068
0	-0.56213	0.00720263	-0.999974	0.496959
0	-0.542406	0.00720455	-0.999974	0.56185
0	-0.522682	0.00720455	-0.999974	0.626741
0	-0.502959	0.00720498	-0.999974	0.691631
0	-0.483235	0.00720525	-0.999974	0.756522
0	-0.463511	0.00720643	-0.999974	0.821413
0	-0.443787	0.0072065	-0.999974	0.886304
0	-0.424063	0.00720729	-0.999974	0.951195
0	-0.404339	0.00720865	-0.999974	1.01609
0	-0.384615	0.00720887	-0.999974	1.08098
0	-0.364892	0.00720908	-0.999974	1.14587
0	-0.345168	0.00721032	-0.999974	1.21076
0	-0.325444	0.00721032	-0.999974	1.27565
0	-0.30572	0.00721032	-0.999974	1.34054
0	-0.285996	0.00721206	-0.999974	1.40543
0	-0.266272	0.00721298	-0.999974	1.47032
0	-0.246548	0.00721346	-0.999974	1.53521
0	-0.226824	0.00721438	-0.999974	1.6001
0	-0.207101	0.00721534	-0.999974	1.66499
0	-0.187377	0.00721675	-0.999974	1.72989
0	-0.167653	0.0072171	-0.999974	1.79478
0	-0.147929	0.0072179	-0.999974	1.85967
0	-0.128205	0.00721816	-0.999974	1.92456
0	-0.108481	0.00721849	-0.999974	1.98945
0	-0.0887574	0.00721971	-0.999974	2.05434
0	-0.0690335	0.00722147	-0.999974	2.11923
0	-0.0493097	0.00722209	-0.999974	2.18412
0	-0.0295858	0.00722227	-0.999974	2.24901
0	-0.00986193	0.00722272	-0.999974	2.3139
0	0.00986193	0.00722332	-0.999974	2.37879
0	0.0295858	0.00722495	-0.999974	2.44369
0	0.0493097	0.00722651	-0.999974	2.50858
0	0.0690335	0.00722673	-0.999974	2.57347
0	0.0887574	0.00722847	-0.999974	2.63836
0	0.108481	0.00722957	-0.999974	2.70325
0	0.128205	0.00723045	-0.999974	2.76814
0	0.147929	0.00723102	-0.999974	2.83303
0	0.167653	0.00723234	-0.999974	2.89792
0	0.187377	0.00723251	-0.999974	2.96281
0	0.207101	0.00723273	-0.999974	3.0277
0	0.226824	0.00723355	-0.999974	3.09259
0	0.246548	0.00723547	-0.999974	3.15748
0	0.266272	0.00723604	-0.999974	3.22238
0	0.285996	0.00725362	-0.999974	3.28726
0	0.30572	0.00734862	-0.999973	3.35214
0	0.325444	0.00753339	-0.999972	3.417
0	0.345168	0.00782249	-0.999969	3.48185
0	0.364892	0.00824019	-0.999966	3.54668
0	0.384615	0.00881228	-0.999961	3.61148
0	0.404339	0.00957204	-0.999954	3.67626
0	0.424063	0.0105708	-0.999944	3.74099
0	0.443787	0.0118659	-0.99993	3.80568
0	0.463511	0.0135356	-0.999908	3.8703
0	0.483235	0.0156867	-0.999877	3.93484
0	0.502959	0.0184599	-0.99983	3.99925
0	0.522682	0.0220283	-0.999757	4.06351
0	0.542406	0.0266289	-0.999645	4.12754
0	0.56213	0.00678092	0.999977	0.498905
0	0.581854	0.00484111	0.999988	0.433722
0	0.601578	0.00390957	0.999992	0.368693
0	0.621302	0.00346041	0.999994	0.303734
0	0.641026	0.00322521	0.999995	0.238808
0	0.66075	0.00307945	0.999995	0.173894
0	0.680473	0.00296917	0.999996	0.108986
0	0.700197	0.00287887	0.999996	0.0440799
0	0.719921	0.00279224	0.999996	-0.0208251
0	0.739645	0.00271142	0.999996	-0.0857293
0	0.759369	0.00263536	0.999997	-0.150633
0	0.779093	0.00256881	0.999997	-0.215535
0	0.798817	0.00249789	0.999997	-0.280438
0	0.81854	0.00243626	0.999997	-0.345339
0	0.838264	0.00237996	0.999997	-0.41024
0	0.857988	0.00231969	0.999997	-0.475141
0	0.877712	0.0022669	0.999997	-0.540042
0	0.897436	0.00221753	0.999998	-0.604941
0	0.91716	0.00216488	0.999998	-0.669841
0	0.936884	0.00211975	0.999998	-0.734741
0	0.956607	0.00207273	0.999998	-0.79964
0	0.976331	0.00203311	0.999998	-0.864538
0	0.996055	0.00198999	0.999998	-0.929437
0	1.01578	0.00195273	0.999998	-0.994335
0	1.0355	0.00191406	0.999998	-1.05923
0	1.05523	0.00187581	0.999998	-1.12413
0	1.07495	0.00184452	0.999998	-1.18903
0	1.09467	0.00180655	0.999998	-1.25393
0	1.1144	0.00178117	0.999998	-1.31882
0	1.13412	0.00173486	0.999998	-1.38372
0	1.15385	0.00173209	0.999998	-1.44862
0	1.17357	0.00165739	0.999999	-1.51352
0	1.19329	0.00165739	0.999999	-1.57841
0	1.21302	0.00162767	0.999999	-1.64331
0	1.23274	0.00160889	0.999999	-1.7082
0	1.25247	0.00156411	0.999999	-1.7731
0	1.27219	0.00156411	0.999999	-1.838
0	1.29191	0.00149877	0.999999	-1.9029
0	1.31164	0.00149877	0.999999	-1.96779
0	1.33136	0.00149876	0.999999	-2.03268
0	1.35108	0.00139941	0.999999	-2.09759
0	1.37081	0.00139941	0.999999	-2.16248
0	1.39053	0.00139941	0.999999	-2.22737
0	1.41026	0.00139941	0.999999	-2.29227
0	1.42998	0.00139775	0.999999	-2.35716
0	1.4497	0.00122378	0.999999	-2.42208
0	1.46943	0.00122378	0.999999	-2.48697
0	1.48915	0.00122378	0.999999	-2.55186
0	1.50888	0.00122378	0.999999	-2.61676
0	1.5286	0.00122378	0.999999	-2.68165
0	1.54832	0.00122378	0.999999	-2.74654
0	1.56805	0.00122378	0.999999	-2.81143
0	1.58777	0.00122378	0.999999	-2.87633
0	1.6075	0.00122378	0.999999	-2.94122
0	1.62722	0.00122378	0.999999	-3.00611
0	1.64694	0.00112841	0.999999	-3.07102
0	1.66667	0.00112841	0.999999	-3.13591
0	1.68639	0.00112841	0.999999	-3.2008
0	1.70611	0.00112841	0.999999	-3.2657
0	1.72584	0.00112841	0.999999	-3.33059
0	1.74556	0.00112841	0.999999	-3.39548
0	1.76529	0.00112841	0.999999	-3.46037
0	1.78501	0.00110746	0.999999	-3.52527
0	1.80473	0.00110746	0.999999	-3.59016
0	1.82446	0.00107993	0.999999	-3.65506
0	1.84418	0.00107993	0.999999	-3.71995
0	1.86391	0.0010672	0.999999	-3.78485
0	1.88363	0.00105905	0.999999	-3.84974
0	1.90335	0.00104562	0.999999	-3.91463
0	1.92308	0.00103652	0.999999	-3.97953
0	1.9428	0.00102694	0.999999	-4.04442
0	1.96252	0.00101624	0.999999	-4.10932
0	1.98225	0.00100719	0.999999	-4.17421
0	2.00197	0.000997255	1	-4.2391
0	2.0217	0.000986175	1	-4.304
0	2.04142	0.000977955	1	-4.36889
0	2.06114	0.000969879	1	-4.43379
0	2.08087	0.00096026	1	-4.49868
0	2.10059	0.000951955	1	-4.56357
0	2.12032	0.000941961	1	-4.62847
0	2.14004	0.000933689	1	-4.69336
0	2.15976	0.000925597	1	-4.75826
0	2.17949	0.000918882	1	-4.82315
0	2.19921	0.000909233	1	-4.88804
0	2.21893	0.000903055	1	-4.95294
0	2.23866	0.000893598	1	-5.01783
0	2.25838	0.000886134	1	-5.08273
0	2.27811	0.000878795	1	-5.14762
0	2.29783	0.000872041	1	-5.21251
0	2.31755	0.000863815	1	-5.27741
0	2.33728	0.000856833	1	-5.3423
0	2.357	0.000850746	1	-5.40719
0	2.37673	0.000843276	1	-5.47209
0	2.39645	0.00083703	1	-5.53698
0	2.41617	0.000830571	1	-5.60187
0	2.4359	0.000822806	1	-5.66677
0	2.45562	0.000816886	1	-5.73166
0	2.47535	0.000810108	1	-5.79656
0	2.49507	0.00080382	1	-5.86145
0	2.51479	0.000798883	1	-5.92634
0	2.53452	0.000791183	1	-5.99124
0	2.55424	0.000785546	1	-6.05613
0	2.57396	0.000779437	1	-6.12102
0	2.59369	0.000774226	1	-6.18592
0	2.61341	0.000767715	1	-6.25081
0	2.63314	0.000763216	1	-6.3157
0	2.65286	0.000758132	1	-6.3806
0	2.67258	0.000752264	1	-6.44549
0	2.69231	0.0007459	1	-6.51038
0	2.71203	0.000740554	1	-6.57528
0	2.73176	0.000736386	1	-6.64017
0	2.75148	0.00073087	1	-6.70506
0	2.7712	0.000725339	1	-6.76996
0	2.79093	0.000721388	1	-6.83485
0	2.81065	0.000715951	1	-6.89974
0	2.83037	0.00070985	1	-6.96464
0	2.8501	0.00070582	1	-7.02953
0	2.86982	0.000700483	1	-7.09442
0	2.88955	0.000695498	1	-7.15932
0	2.90927	0.000691206	1	-7.22421
0	2.92899	0.000687233	1	-7.2891
0	2.94872	0.000682184	1	-7.354
0	2.96844	0.000677922	1	-7.41889
0	2.98817	0.000673829	1	-7.48378
0	3.00789	0.000669551	1	-7.54868
0	3.02761	0.000665381	1	-7.61357
0	3.04734	0.000659989	1	-7.67846
0	3.06706	0.000656696	1	-7.74336
0	3.08679	0.000652813	1	-7.80825
0	3.10651	0.000649079	1	-7.87314
0	3.12623	0.000644354	1	-7.93804
0	3.14596	0.000640531	1	-8.00293
0	3.16568	0.00063636	1	-8.06782
0	3.1854	0.000632759	1	-8.13272
0	3.20513	0.00062941	1	-8.19761
0	3.22485	0.000625627	1	-8.2625
0	3.24458	0.000621282	1	-8.3274
0	3.2643	0.000617433	1	-8.39229
0	3.28402	0.00061396	1	-8.45718
0	3.30375	0.000610146	1	-8.52208
0	3.32347	0.000606366	1	-8.58697
0	3.3432	0.000602953	1	-8.65186
0	3.36292	0.000599208	1	-8.71676
0	3.38264	0.000595416	1	-8.78165
0	3.40237	0.000591847	1	-8.84654
0	3.42209	0.000589164	1	-8.91144
0	3.44181	0.000584974	1	-8.97633
0	3.46154	0.000581548	1	-9.04122
0	3.48126	0.000578445	1	-9.10611
0	3.50099	0.000576437	1	-9.17101
0	3.52071	0.000573862	1	-9.2359
0	3.54043	0.00056983	1	-9.30079
0	3.56016	0.000565972	1	-9.36569
0	3.57988	0.000563578	1	-9.43058
0	3.59961	0.000559563	1	-9.49547
0	3.61933	0.000556715	1	-9.56037
0	3.63905	0.000554806	1	-9.62526
0	3.65878	0.000550899	1	-9.69015
0	3.6785	0.000548171	1	-9.75505
0	3.69822	0.000546042	1	-9.81994
0	3.71795	0.00054345	1	-9.88483
0	3.73767	0.000539966	1	-9.94973
0	3.7574	0.00053725	1	-10.0146
0	3.77712	0.000534009	1	-10.0795
0	3.79684	0.000531607	1	-10.1444
0	3.81657	0.000527986	1	-10.2093
0	3.83629	0.000524942	1	-10.2742
0	3.85602	0.00052293	1	-10.3391
0	3.87574	0.000520605	1	-10.404
0	3.89546	0.000517384	1	-10.4689
0	3.91519	0.000514487	1	-10.5338
0	3.93491	0.000511876	1	-10.5987
0	3.95464	0.00051026	1	-10.6635
0	3.97436	0.000508413	1	-10.7284
0	3.99408	0.000505957	1	-10.7933
0	4.01381	0.000503566	1	-10.8582
0	4.03353	0.000499927	1	-10.9231
0	4.05325	0.000498429	1	-10.988
0	4.07298	0.000495985	1	-11.0529
0	4.0927	0.000493653	1	-11.1178
0	4.11243	0.000490979	1	-11.1827
0	4.13215	0.000489034	1	-11.2476
0	4.15187	0.000485735	1	-11.3125
0	4.1716	0.000484361	1	-11.3774
0	4.19132	0.000482842	1	-11.4423
0	4.21105	0.000479485	1	-11.5072
0	4.23077	0.000478079	1	-11.5721
0	4.25049	0.000475967	1	-11.6369
0	4.27022	0.00047369	1	-11.7018
0	4.28994	0.00047031	1	-11.7667
0	4.30966	0.000469083	1	-11.8316
0	4.32939	0.000467235	1	-11.8965
0	4.34911	0.000465162	1	-11.9614
0	4.36884	0.000463525	1	-12.0263
0	4.38856	0.000461725	1	-12.0912
0	4.40828	0.000459384	1	-12.1561
0	4.42801	0.00045638	1	-12.221
0	4.44773	0.000454628	1	-12.2859
0	4.46746	0.000452321	1	-12.3508
0	4.48718	0.000451054	1	-12.4157
0	4.5069	0.000449764	1	-12.4806
0	4.52663	0.000447997	1	-12.5454
0	4.54635	0.000445233	1	-12.6103
0	4.56607	0.000442067	1	-12.6752
0	4.5858	0.000439826	1	-12.7401
0	4.60552	0.0004389	1	-12.805
0	4.62525	0.000436958	1	-12.8699
0	4.64497	0.00043434	1	-12.9348
0	4.66469	0.000432334	1	-12.9997
0	4.68442	0.000431827	1	-13.0646
0	4.70414	0.00042937	1	-13.1295
0	4.72387	0.000428449	1	-13.1944
0	4.74359	0.000425735	1	-13.2593
0	4.76331	0.000424351	1	-13.3242
0	4.78304	0.000422124	1	-13.3891
0	4.80276	0.000421134	1	-13.4539
0	4.82249	0.00041881	1	-13.5188
0	4.84221	0.000417151	1	-13.5837
0	4.86193	0.000414781	1	-13.6486
0	4.88166	0.000413592	1	-13.7135
0	4.90138	0.000413297	1	-13.7784
0	4.9211	0.000410638	1	-13.8433
0	4.94083	0.000408602	1	-13.9082
0	4.96055	0.000407826	1	-13.9731
0	4.98028	0.00040536	1	-14.038
0	5	0.000405011	1	-14.1029
0	5	0.000404739	1	-14.1029
0	4.98028	0.000404462	1	-14.038
0	4.96055	0.000404462	1	-13.9731
0	4.94083	0.000404462	1	-13.9082
0	4.9211	0.000404462	1	-13.8433
0	4.90138	0.000404462	1	-13.7784
0	4.88166	0.000404462	1	-13.7135
0	4.86193	0.000404462	1	-13.6486
0	4.84221	0.000404462	1	-13.5837
0	4.82249	0.000404462	1	-13.5188
0	4.80276	0.000404462	1	-13.4539
0	4.78304	0.000404462	1	-13.3891
0	4.76331	0.000404462	1	-13.3242
0	4.74359	0.000404462	1	-13.2593
0	4.72387	0.000404462	1	-13.1944
0	4.70414	0.000404462	1	-13.1295
0	4.68442	0.000404462	1	-13.0646
0	4.66469	0.000404462	1	-12.9997
0	4.64497	0.000404462	1	-12.9348
0	4.62525	0.000404462	1	-12.8699
0	4.60552	0.000404462	1	-12.805
0	4.5858	0.000404462	1	-12.7401
0	4.56607	0.000404462	1	-12.6752
0	4.54635	0.000404462	1	-12.6103
0	4.52663	0.000404462	1	-12.5455
0	4.5069	0.000404462	1	-12.4806
0	4.48718	0.000404462	1	-12.4157
0	4.46746	0.000404462	1	-12.3508
0	4.44773	0.000404462	1	-12.2859
0	4.42801	0.000404462	1	-12.221
0	4.40828	0.000404462	1	-12.1561
0	4.38856	0.000404462	1	-12.0912
0	4.36884	0.000404462	1	-12.0263
0	4.34911	0.000404462	1	-11.9614
0	4.32939	0.000404462	1	-11.8965
0	4.30966	0.000404462	1	-11.8316
0	4.28994	0.000404462	1	-11.7667
0	4.27022	0.000404462	1	-11.7018
0	4.25049	0.000404462	1	-11.637
0	4.23077	0.000404462	1	-11.5721
0	4.21105	0.000404462	1	-11.5072
0	4.19132	0.000404462	1	-11.4423
0	4.1716	0.000404462	1	-11.3774
0	4.15187	0.000404462	1	-11.3125
0	4.13215	0.000404462	1	-11.2476
0	4.11243	0.000404462	1	-11.1827
0	4.0927	0.000404462	1	-11.1178
0	4.07298	0.000404462	1	-11.0529
0	4.05325	0.000404462	1	-10.988
0	4.03353	0.000404462	1	-10.9231
0	4.01381	0.000404462	1	-10.8582
0	3.99408	0.000404462	1	-10.7933
0	3.97436	0.000404462	1	-10.7285
0	3.95464	0.000404462	1	-10.6636
0	3.93491	0.000404462	1	-10.5987
0	3.91519	0.000404462	1	-10.5338
0	3.89546	0.000404462	1	-10.4689
0	3.87574	0.000404462	1	-10.404
0	3.85602	0.000404462	1	-10.3391
0	3.83629	0.000404462	1	-10.2742
0	3.81657	0.000404462	1	-10.2093
0	3.79684	0.000404462	1	-10.1444
0	3.77712	0.000404462	1	-10.0795
0	3.7574	0.000404462	1	-10.0146
0	3.73767	0.000404462	1	-9.94974
0	3.71795	0.000404462	1	-9.88485
0	3.69822	0.000404462	1	-9.81996
0	3.6785	0.000404462	1	-9.75507
0	3.65878	0.000404462	1	-9.69017
0	3.63905	0.000404462	1	-9.62528
0	3.61933	0.000404462	1	-9.56039
0	3.59961	0.000404462	1	-9.4955
0	3.57988	0.000404462	1	-9.4306
0	3.56016	0.000404462	1	-9.36571
0	3.54043	0.000404462	1	-9.30082
0	3.52071	0.000404462	1	-9.23593
0	3.50099	0.000404462	1	-9.17103
0	3.48126	0.000404462	1	-9.10614
0	3.46154	0.000404462	1	-9.04125
0	3.44181	0.000404462	1	-8.97635
0	3.42209	0.000404462	1	-8.91146
0	3.40237	0.000404462	1	-8.84657
0	3.38264	0.000404462	1	-8.78168
0	3.36292	0.000404462	1	-8.71678
0	3.3432	0.000404462	1	-8.65189
0	3.32347	0.000404462	1	-8.587
0	3.30375	0.000404462	1	-8.52211
0	3.28402	0.000404462	1	-8.45721
0	3.2643	0.000404462	1	-8.39232
0	3.24458	0.000404462	1	-8.32743
0	3.22485	0.000404462	1	-8.26254
0	3.20513	0.000404462	1	-8.19764
0	3.1854	0.000404462	1	-8.13275
0	3.16568	0.000404462	1	-8.06786
0	3.14596	0.000404462	1	-8.00296
0	3.12623	0.000404462	1	-7.93807
0	3.10651	0.000404462	1	-7.87318
0	3.08679	0.000404462	1	-7.80829
0	3.06706	0.000404462	1	-7.74339
0	3.04734	0.000404462	1	-7.6785
0	3.02761	0.000404462	1	-7.61361
0	3.00789	0.000404462	1	-7.54872
0	2.98817	0.000404462	1	-7.48382
0	2.96844	0.000404462	1	-7.41893
0	2.94872	0.000404462	1	-7.35404
0	2.92899	0.000404462	1	-7.28915
0	2.90927	0.000404462	1	-7.22425
0	2.88955	0.000404462	1	-7.15936
0	2.86982	0.000404462	1	-7.09447
0	2.8501	0.000404462	1	-7.02957
0	2.83037	0.000404462	1	-6.96468
0	2.81065	0.000404462	1	-6.89979
0	2.79093	0.000404462	1	-6.8349
0	2.7712	0.000404462	1	-6.77
0	2.75148	0.000404462	1	-6.70511
0	2.73176	0.000404462	1	-6.64022
0	2.71203	0.000404462	1	-6.57533
0	2.69231	0.000404462	1	-6.51043
0	2.67258	0.000404462	1	-6.44554
0	2.65286	0.000404462	1	-6.38065
0	2.63314	0.000404462	1	-6.31576
0	2.61341	0.000404462	1	-6.25086
0	2.59369	0.000404462	1	-6.18597
0	2.57396	0.000404462	1	-6.12108
0	2.55424	0.000404462	1	-6.05618
0	2.53452	0.000404462	1	-5.99129
0	2.51479	0.000404462	1	-5.9264
0	2.49507	0.000404462	1	-5.86151
0	2.47535	0.000404462	1	-5.79661
0	2.45562	0.000404462	1	-5.73172
0	2.4359	0.000404462	1	-5.66683
0	2.41617	0.000404462	1	-5.60194
0	2.39645	0.000404462	1	-5.53704
0	2.37673	0.000404462	1	-5.47215
0	2.357	0.000404462	1	-5.40726
0	2.33728	0.000404462	1	-5.34237
0	2.31755	0.000404462	1	-5.27747
0	2.29783	0.000404462	1	-5.21258
0	2.27811	0.000404462	1	-5.14769
0	2.25838	0.000404462	1	-5.08279
0	2.23866	0.000404462	1	-5.0179
0	2.21893	0.000404462	1	-4.95301
0	2.19921	0.000404462	1	-4.88812
0	2.17949	0.000404462	1	-4.82322
0	2.15976	0.000404462	1	-4.75833
0	2.14004	0.000404462	1	-4.69344
0	2.12032	0.000404462	1	-4.62855
0	2.10059	0.000404462	1	-4.56365
0	2.08087	0.000404462	1	-4.49876
0	2.06114	0.000404462	1	-4.43387
0	2.04142	0.000404462	1	-4.36898
0	2.0217	0.000404461	1	-4.30408
0	2.00197	0.000404461	1	-4.23919
0	1.98225	0.000404461	1	-4.1743
0	1.96252	0.000404461	1	-4.10941
0	1.9428	0.000404461	1	-4.04451
0	1.92308	0.000404461	1	-3.97962
0	1.90335	0.000404461	1	-3.91473
0	1.88363	0.000404461	1	-3.84983
0	1.86391	0.000404461	1	-3.78494
0	1.84418	0.000404461	1	-3.72005
0	1.82446	0.000404461	1	-3.65516
0	1.80473	0.000404461	1	-3.59026
0	1.78501	0.000404461	1	-3.52537
0	1.76529	0.000404461	1	-3.46048
0	1.74556	0.000404461	1	-3.39559
0	1.72584	0.000404461	1	-3.33069
0	1.70611	0.000404461	1	-3.2658
0	1.68639	0.000404461	1	-3.20091
0	1.66667	0.000404461	1	-3.13602
0	1.64694	0.000404461	1	-3.07112
0	1.62722	0.000404461	1	-3.00623
0	1.6075	0.000404461	1	-2.94134
0	1.58777	0.000404461	1	-2.87644
0	1.56805	0.000404461	1	-2.81155
0	1.54832	0.000404461	1	-2.74666
0	1.5286	0.000404461	1	-2.68177
0	1.50888	0.000404461	1	-2.61687
0	1.48915	0.000404461	1	-2.55198
0	1.46943	0.000404461	1	-2.48709
0	1.4497	0.000404461	1	-2.4222
0	1.42998	0.000404461	1	-2.3573
0	1.41026	0.000404461	1	-2.29241
0	1.39053	0.000404461	1	-2.22752
0	1.37081	0.000404461	1	-2.16263
0	1.35108	0.000404461	1	-2.09773
0	1.33136	0.000404461	1	-2.03284
0	1.31164	0.000404461	1	-1.96795
0	1.29191	0.000404461	1	-1.90305
0	1.27219	0.000404461	1	-1.83816
0	1.25247	0.000404461	1	-1.77327
0	1.23274	0.000404461	1	-1.70838
0	1.21302	0.000404461	1	-1.64348
0	1.19329	0.000404461	1	-1.57859
0	1.17357	0.000404461	1	-1.5137
0	1.15385	0.000404461	1	-1.44881
0	1.13412	0.000404461	1	-1.38391
0	1.1144	0.000404461	1	-1.31902
0	1.09467	0.000404461	1	-1.25413
0	1.07495	0.000404461	1	-1.18924
0	1.05523	0.000404461	1	-1.12434
0	1.0355	0.000404461	1	-1.05945
0	1.01578	0.000404461	1	-0.994557
0	0.996055	0.000404461	1	-0.929664
0	0.976331	0.000404461	1	-0.864772
0	0.956607	0.000404461	1	-0.799879
0	0.936884	0.000404461	1	-0.734986
0	0.91716	0.000404461	1	-0.670094
0	0.897436	0.000404461	1	-0.605201
0	0.877712	0.000404461	1	-0.540308
0	0.857988	0.000404461	1	-0.475416
0	0.838264	0.000404461	1	-0.410523
0	0.81854	0.000404461	1	-0.34563
0	0.798817	0.000404461	1	-0.280738
0	0.779093	0.000404461	1	-0.215845
0	0.759369	0.000404461	1	-0.150952
0	0.739645	0.000404461	1	-0.0860598
0	0.719921	0.000404461	1	-0.0211672
0	0.700197	0.000404461	1	0.0437255
0	0.680473	0.000404461	1	0.108618
0	0.66075	0.000404461	1	0.173511
0	0.641026	0.000404461	1	0.238404
0	0.621302	0.000404461	1	0.303296
0	0.601578	0.000404461	1	0.368189
0	0.581854	0.000404461	1	0.433082
0	0.56213	0.000404461	1	0.497974
0	0.542406	0.000404461	1	0.562867
0	0.522682	0.000404461	1	0.627759
0	0.502959	0.000404461	1	0.692652
0	0.483235	0.000404461	1	0.757545
0	0.463511	0.000404461	1	0.822437
0	0.443787	0.000404461	1	0.88733
0	0.424063	0.000404461	1	0.952223
0	0.404339	0.000404461	1	1.01712
0	0.384615	0.000404461	1	1.08201
0	0.364892	0.000404461	1	1.1469
0	0.345168	0.000404461	1	1.21179
0	0.325444	0.000404461	1	1.27669
0	0.30572	0.000404461	1	1.34158
0	0.285996	0.000404461	1	1.40647
0	0.266272	0.000404461	1	1.47136
0	0.246548	0.000404461	1	1.53626
0	0.226824	0.000404461	1	1.60115
0	0.207101	0.000404461	1	1.66604
0	0.187377	0.000404461	1	1.73093
0	0.167653	0.000404461	1	1.79583
0	0.147929	0.000404461	1	1.86072
0	0.128205	0.000404461	1	1.92561
0	0.108481	0.000404461	1	1.99051
0	0.0887574	0.000404461	1	2.0554
0	0.0690335	0.000404461	1	2.12029
0	0.0493097	0.000404461	1	2.18518
0	0.0295858	0.000404461	1	2.25008
0	0.00986193	0.000404461	1	2.31497
0	-0.00986193	0.000404461	1	2.37986
0	-0.0295858	0.000404461	1	2.44475
0	-0.0493097	0.000404461	1	2.50965
0	-0.0690335	0.000404461	1	2.57454
0	-0.0887574	0.000404461	1	2.63943
0	-0.108481	0.000404461	1	2.70432
0	-0.128205	0.000404461	1	2.76922
0	-0.147929	0.000404461	1	2.83411
0	-0.167653	0.000404461	1	2.899
0	-0.187377	0.000404461	1	2.9639
0	-0.207101	0.000404461	1	3.02879
0	-0.226824	0.000404461	1	3.09368
0	-0.246548	0.000404461	1	3.15857
0	-0.266272	0.000404461	1	3.22347
0	-0.285996	0.000404461	1	3.28836
0	-0.30572	0.000404461	1	3.35325
0	-0.325444	0.000404461	1	3.41814
0	-0.345168	0.000404461	1	3.48304
0	-0.364892	0.000404461	1	3.54793
0	-0.384615	0.000404461	1	3.61282
0	-0.404339	0.000404461	1	3.67771
0	-0.424063	0.000404461	1	3.74261
0	-0.443787	0.000404461	1	3.8075
0	-0.463511	0.000404461	1	3.87239
0	-0.483235	0.000404461	1	3.93729
0	-0.502959	0.000404461	1	4.00218
0	-0.522682	0.000404461	1	4.06707
0	-0.542406	0.000404461	1	4.13196
0	-0.56213	0.000404461	1	4.19686
0	-0.581854	0.000404461	1	4.26175
0	-0.601578	0.000404461	1	4.32664
0	-0.621302	0.000404461	1	4.39153
0	-0.641026	0.000404461	1	4.45643
0	-0.66075	0.000404461	1	4.52132
0	-0.680473	0.000404461	1	4.58621
0	-0.700197	0.000404461	1	4.6511
0	-0.719921	0.000404461	1	4.716
0	-0.739645	0.000404461	1	4.78089
0	-0.759369	0.000404461	1	4.84578
0	-0.779093	0.000404461	1	4.91068
0	-0.798817	0.000404461	1	4.97557
0	-0.81854	0.000404461	1	5.04046
0	-0.838264	0.000404461	1	5.10535
0	-0.857988	0.000404461	1	5.17025
0	-0.877712	0.000404461	1	5.23514
0	-0.897436	0.000404461	1	5.30003
0	-0.91716	0.000404461	1	5.36492
0	-0.936884	0.000404461	1	5.42982
0	-0.956607	0.000404461	1	5.49471
0	-0.976331	0.000404461	1	5.5596
0	-0.996055	0.000404461	1	5.62449
0	-1.01578	0.000404461	1	5.68939
0	-1.0355	0.000404461	1	5.75428
0	-1.05523	0.000404461	1	5.81917
0	-1.07495	0.000404461	1	5.88407
0	-1.09467	0.000404461	1	5.94896
0	-1.1144	0.000404461	1	6.01385
0	-1.13412	0.000404461	1	6.07874
0	-1.15385	0.000404461	1	6.14364
0	-1.17357	0.000404461	1	6.20853
0	-1.19329	0.000404461	1	6.27342
0	-1.21302	0.000404461	1	6.33831
0	-1.23274	0.000404461	1	6.40321
0	-1.25247	0.000404461	1	6.4681
0	-1.27219	0.000404461	1	6.53299
0	-1.29191	0.000404461	1	6.59788
0	-1.31164	0.000404461	1	6.66278
0	-1.33136	0.000404461	1	6.72767
0	-1.35108	0.000404461	1	6.79256
0	-1.37081	0.000404461	1	6.85746
0	-1.39053	0.000404461	1	6.92235
0	-1.41026	0.000404461	1	6.98724
0	-1.42998	0.000404461	1	7.05213
0	-1.4497	0.000404461	1	7.11703
0	-1.46943	0.000404461	1	7.18192
0	-1.48915	0.000404461	1	7.24681
0	-1.50888	0.000404461	1	7.3117
0	-1.5286	0.000404461	1	7.3766
0	-1.54832	0.000404461	1	7.44149
0	-1.56805	0.000404461	1	7.50638
0	-1.58777	0.000404461	1	7.57127
0	-1.6075	0.000404461	1	7.63617
0	-1.62722	0.000404461	1	7.70106
0	-1.64694	0.000404461	1	7.76595
0	-1.66667	0.000404461	1	7.83085
0	-1.68639	0.000404461	1	7.89574
0	-1.70611	0.000404461	1	7.96063
0	-1.72584	0.000404461	1	8.02552
0	-1.74556	0.000404461	1	8.09042
0	-1.76529	0.000404461	1	8.15531
0	-1.78501	0.000404461	1	8.2202
0	-1.80473	0.000404461	1	8.28509
0	-1.82446	0.000404461	1	8.34999
0	-1.84418	0.000404461	1	8.41488
0	-1.86391	0.000404461	1	8.47977
0	-1.88363	0.000404461	1	8.54466
0	-1.90335	0.000404461	1	8.60956
0	-1.92308	0.000404461	1	8.67445
0	-1.9428	0.000404461	1	8.73934
0	-1.96252	0.000404461	1	8.80424
0	-1.98225	0.000404461	1	8.86913
0	-2.00197	0.000404461	1	8.93402
0	-2.0217	0.000404461	1	8.99891
0	-2.04142	0.000404461	1	9.06381
0	-2.06114	0.000404461	1	9.1287
0	-2.08087	0.000404461	1	9.19359
0	-2.10059	0.000404461	1	9.25848
0	-2.12032	0.000404461	1	9.32338
0	-2.14004	0.000404461	1	9.38827
0	-2.15976	0.000404461	1	9.45316
0	-2.17949	0.000404461	1	9.51805
0	-2.19921	0.000404461	1	9.58295
0	-2.21893	0.000404461	1	9.64784
0	-2.23866	0.000404461	1	9.71273
0	-2.25838	0.000404461	1	9.77763
0	-2.27811	0.000404461	1	9.84252
0	-2.29783	0.000404461	1	9.90741
0	-2.31755	0.000404461	1	9.9723
0	-2.33728	0.000404461	1	10.0372
0	-2.357	0.000404461	1	10.1021
0	-2.37673	0.000404461	1	10.167
0	-2.39645	0.000404461	1	10.2319
0	-2.41617	0.000404461	1	10.2968
0	-2.4359	0.000404461	1	10.3617
0	-2.45562	0.000404461	1	10.4266
0	-2.47535	0.000404461	1	10.4914
0	-2.49507	0.000404461	1	10.5563
0	-2.51479	0.000404461	1	10.6212
0	-2.53452	0.000404461	1	10.6861
0	-2.55424	0.000404461	1	10.751
0	-2.57396	0.000404461	1	10.8159
0	-2.59369	0.000404461	1	10.8808
0	-2.61341	0.000404461	1	10.9457
0	-2.63314	0.000404461	1	11.0106
0	-2.65286	0.000404461	1	11.0755
0	-2.67258	0.000404461	1	11.1404
0	-2.69231	0.000404461	1	11.2053
0	-2.71203	0.000404461	1	11.2702
0	-2.73176	0.000404461	1	11.335
0	-2.75148	0.000404461	1	11.3999
0	-2.7712	0.000404461	1	11.4648
0	-2.79093	0.000404461	1	11.5297
0	-2.81065	0.000404461	1	11.5946
0	-2.83037	0.000404461	1	11.6595
0	-2.8501	0.000404461	1	11.7244
0	-2.86982	0.000404461	1	11.7893
0	-2.88955	0.000404461	1	11.8542
0	-2.90927	0.000404461	1	11.9191
0	-2.92899	0.000404461	1	11.984
0	-2.94872	0.000404461	1	12.0489
0	-2.96844	0.000404461	1	12.1138
0	-2.98817	0.000404461	1	12.1787
0	-3.00789	0.000404461	1	12.2435
0	-3.02761	0.000404461	1	12.3084
0	-3.04734	0.000404461	1	12.3733
0	-3.06706	0.000404461	1	12.4382
0	-3.08679	0.000404461	1	12.5031
0	-3.10651	0.000404461	1	12.568
0	-3.12623	0.000404461	1	12.6329
0	-3.14596	0.000404461	1	12.6978
0	-3.16568	0.000404461	1	12.7627
0	-3.1854	0.000404461	1	12.8276
0	-3.20513	0.000404461	1	12.8925
0	-3.22485	0.000404461	1	12.9574
0	-3.24458	0.000404461	1	13.0223
0	-3.2643	0.000404461	1	13.0872
0	-3.28402	0.000404461	1	13.152
0	-3.30375	0.000404461	1	13.2169
0	-3.32347	0.000404461	1	13.2818
0	-3.3432	0.000404461	1	13.3467
0	-3.36292	0.000404461	1	13.4116
0	-3.38264	0.000404461	1	13.4765
0	-3.40237	0.000404461	1	13.5414
0	-3.42209	0.000404461	1	13.6063
0	-3.44181	0.000404461	1	13.6712
0	-3.46154	0.000404461	1	13.7361
0	-3.48126	0.000404461	1	13.801
0	-3.50099	0.000404461	1	13.8659
0	-3.52071	0.000404461	1	13.9308
0	-3.54043	0.000404461	1	13.9956
0	-3.56016	0.000404461	1	14.0605
0	-3.57988	0.000404461	1	14.1254
0	-3.59961	0.000404461	1	14.1903
0	-3.61933	0.000404461	1	14.2552
0	-3.63905	0.000404461	1	14.3201
0	-3.65878	0.000404461	1	14.385
0	-3.6785	0.000404461	1	14.4499
0	-3.69822	0.000404461	1	14.5148
0	-3.71795	0.000404461	1	14.5797
0	-3.73767	0.000404461	1	14.6446
0	-3.7574	0.000404461	1	14.7095
0	-3.77712	0.000404461	1	14.7744
0	-3.79684	0.000404461	1	14.8393
0	-3.81657	0.000404461	1	14.9041
0	-3.83629	0.000404461	1	14.969
0	-3.85602	0.000404461	1	15.0339
0	-3.87574	0.000404461	1	15.0988
0	-3.89546	0.000404461	1	15.1637
0	-3.91519	0.000404461	1	15.2286
0	-3.93491	0.000404461	1	15.2935
0	-3.95464	0.000404461	1	15.3584
0	-3.97436	0.000404461	1	15.4233
0	-3.99408	0.000404461	1	15.4882
0	-4.01381	0.000404461	1	15.5531
0	-4.03353	0.000404461	1	15.618
0	-4.05325	0.000404461	1	15.6829
0	-4.07298	0.000404461	1	15.7478
0	-4.0927	0.000404461	1	15.8126
0	-4.11243	0.000404461	1	15.8775
0	-4.13215	0.000404461	1	15.9424
0	-4.15187	0.000404461	1	16.0073
0	-4.1716	0.000404461	1	16.0722
0	-4.19132	0.000404461	1	16.1371
0	-4.21105	0.000404461	1	16.202
0	-4.23077	0.000404461	1	16.2669
0	-4.25049	0.000404461	1	16.3318
0	-4.27022	0.000404461	1	16.3967
0	-4.28994	0.000404461	1	16.4616
0	-4.30966	0.000404461	1	16.5265
0	-4.32939	0.000404461	1	16.5914
0	-4.34911	0.000404461	1	16.6562
0	-4.36884	0.000404461	1	16.7211
0	-4.38856	0.000404461	1	16.786
0	-4.40828	0.000404461	1	16.8509
0	-4.42801	0.000404461	1	16.9158
0	-4.44773	0.000404461	1	16.9807
0	-4.46746	0.000404461	1	17.0456
0	-4.48718	0.000404461	1	17.1105
0	-4.5069	0.000404461	1	17.1754
0	-4.52663	0.000404461	1	17.2403
0	-4.54635	0.000404461	1	17.3052
0	-4.56607	0.000404461	1	17.3701
0	-4.5858	0.000404461	1	17.435
0	-4.60552	0.000404461	1	17.4999
0	-4.62525	0.000404461	1	17.5647
0	-4.64497	0.000404461	1	17.6296
0	-4.66469	0.000404461	1	17.6945
0	-4.68442	0.000404461	1	17.7594
0	-4.70414	0.000404461	1	17.8243
0	-4.72387	0.000404461	1	17.8892
0	-4.74359	0.000404461	1	17.9541
0	-4.76331	0.000404461	1	18.019
0	-4.78304	0.000404461	1	18.0839
0	-4.80276	0.00040446	1	18.1488
0	-4.82249	0.00040446	1	18.2137
0	-4.84221	0.00040446	1	18.2786
0	-4.86193	0.00040446	1	18.3435
0	-4.88166	0.00040446	1	18.4083
0	-4.90138	0.00040446	1	18.4732
0	-4.9211	0.00040446	1	18.5381
0	-4.94083	0.00040446	1	18.603
0	-4.96055	0.00040446	1	18.6679
0	-4.98028	0.00040446	1	18.7328
0	-5	0.00040446	1	18.7977
